3.500859068288514919e+01 5.562684535980224609e+00 1.076026900672516717e+01
1.078904181190350586e+00 4.698136150836944580e-01 9.318732968324208343e+01
3.548406763361706684e-01 2.840823829174041748e-01 9.523738093452335818e+01
2.503224037922543999e-01 2.225472927093505859e-01 9.643491087277182316e+01
2.111316092353476837e-01 1.974695175886154175e-01 9.682992074801870785e+01
1.880764014585089849e-01 1.742372363805770874e-01 9.686492162304057274e+01
1.666722321931761452e-01 1.568151563405990601e-01 9.698492462311557460e+01
1.526516028374260703e-01 1.452528238296508789e-01 9.702242556063900736e+01
1.427852811837553859e-01 1.366249620914459229e-01 9.706492662316557585e+01
1.357846086781158146e-01 1.314718425273895264e-01 9.706242656066402219e+01
1.313495060382224855e-01 1.278869807720184326e-01 9.712492812320307678e+01
1.283278779390167323e-01 1.254559308290481567e-01 9.704242606065152188e+01
1.249526399791906356e-01 1.221494153141975403e-01 9.703242581064526462e+01
1.223896811128583062e-01 1.204518899321556091e-01 9.714492862321557709e+01
1.196171074787050620e-01 1.159239411354064941e-01 9.708742718567964403e+01
1.169912561565139425e-01 1.137256100773811340e-01 9.708242706067650829e+01
1.145074027715512061e-01 1.109920665621757507e-01 9.713992849821245557e+01
1.121124438896309861e-01 1.089694350957870483e-01 9.715242881072026648e+01
1.092679661466448432e-01 1.061123088002204895e-01 9.719742993574838863e+01
1.063161554638700074e-01 1.027804017066955566e-01 9.714742868571714496e+01
1.034768136573927383e-01 1.023710221052169800e-01 9.722993074826871407e+01
1.005799446011122755e-01 9.768175333738327026e-02 9.719742993574838863e+01
9.763521359934661248e-02 9.538951516151428223e-02 9.719492987324682076e+01
9.439293950166656455e-02 9.074891358613967896e-02 9.726243156078902530e+01
9.166499136493642952e-02 8.883555978536605835e-02 9.732993324833121562e+01
8.918410126745836275e-02 8.562772721052169800e-02 9.735243381084526959e+01
8.636060743357434899e-02 8.304551988840103149e-02 9.735243381084526959e+01
8.398030010654916611e-02 8.075408637523651123e-02 9.736493412335308051e+01
8.159460264248535877e-02 8.121152967214584351e-02 9.752243806095151513e+01
8.028750595205297325e-02 7.693435251712799072e-02 9.744993624840620328e+01
7.782619414194688612e-02 7.488370686769485474e-02 9.751743793594840781e+01
7.568511146277684398e-02 7.302920520305633545e-02 9.762744068601715242e+01
7.415301952911282357e-02 7.156401127576828003e-02 9.750243756093902903e+01
7.240684725890535189e-02 6.997667998075485229e-02 9.762494062351558455e+01
7.085353983894586427e-02 6.877177208662033081e-02 9.767744193604841030e+01
6.948266400204734794e-02 6.738444417715072632e-02 9.775494387359684367e+01
6.800130639341189775e-02 6.628677994012832642e-02 9.761994049851246302e+01
6.680268836604344451e-02 6.614585220813751221e-02 9.762994074851872028e+01
6.596943369803554003e-02 6.447387486696243286e-02 9.784744618615465583e+01
6.474164546163818645e-02 6.511986255645751953e-02 9.775744393609839733e+01
6.481527396971617505e-02 6.523258984088897705e-02 9.787744693617341341e+01
6.313077926322831213e-02 6.267616152763366699e-02 9.798244956123902227e+01
6.257212601863190726e-02 6.143780425190925598e-02 9.774744368609215428e+01
6.173440438490634258e-02 6.197962537407875061e-02 9.783994599864996644e+01
6.146894007187896775e-02 5.995105952024459839e-02 9.786494662366558828e+01
6.055537453215625865e-02 5.926995724439620972e-02 9.783244581114527705e+01
6.002944894319654084e-02 5.884099751710891724e-02 9.793494837370934647e+01
5.958127154860502761e-02 5.796990543603897095e-02 9.803995099877496955e+01
5.909730166371857107e-02 5.791654810309410095e-02 9.803495087377184802e+01
5.873238205838984122e-02 5.817007645964622498e-02 9.783994599864996644e+01
5.829840614130911425e-02 5.660688504576683044e-02 9.803245081127028016e+01
5.774289459995351342e-02 5.597893893718719482e-02 9.812995324883122805e+01
5.770529375490462271e-02 5.629094690084457397e-02 9.810245256131403835e+01
5.696687212306307535e-02 5.666178092360496521e-02 9.797744943623591496e+01
5.668605702581612504e-02 5.572425574064254761e-02 9.806245156128903773e+01
5.621885658182664003e-02 5.498117208480834961e-02 9.802995074876872650e+01
5.607967252031732797e-02 5.500214546918869019e-02 9.814995374884372836e+01
5.574665883851619846e-02 5.426741391420364380e-02 9.812495312382809232e+01
5.497666108705465127e-02 5.401745066046714783e-02 9.811995299882497079e+01
5.490058935308381183e-02 5.453599989414215088e-02 9.806745168629215925e+01
5.447143521206918720e-02 5.357047915458679199e-02 9.813745343633590323e+01
5.430975900420585700e-02 5.356858670711517334e-02 9.815745393634840354e+01
5.400101690812942473e-02 5.457308143377304077e-02 9.805245131128278047e+01
5.395771402782421899e-02 5.355695262551307678e-02 9.806995174879371291e+01
5.351123533536304017e-02 5.231866613030433655e-02 9.818745468636716112e+01
5.329757079733831587e-02 5.433004349470138550e-02 9.803745093627340168e+01
5.340629276673680703e-02 5.301772058010101318e-02 9.811245281132028140e+01
5.278748853421873222e-02 5.420954152941703796e-02 9.811745293632341713e+01
5.242645190653173748e-02 5.229224264621734619e-02 9.806495162379059138e+01
5.232568189747736909e-02 5.335346236824989319e-02 9.819995499887497203e+01
5.228451089097253812e-02 5.303955823183059692e-02 9.812995324883122805e+01
5.223067845911907175e-02 5.430142953991889954e-02 9.792994824870622494e+01
5.203318127364599949e-02 5.130897834897041321e-02 9.816745418635466081e+01
5.178480008556973768e-02 5.101777240633964539e-02 9.825995649891247297e+01
5.136273004323226726e-02 5.108602717518806458e-02 9.816495412385309294e+01
5.131061770792194610e-02 5.046252161264419556e-02 9.823245581139528326e+01
5.097662928191184356e-02 5.052922293543815613e-02 9.820495512387810777e+01
5.065728258320859739e-02 5.071345344185829163e-02 9.811495287382184927e+01
5.084125563026409278e-02 5.021286010742187500e-02 9.808245206130152383e+01
5.061121983652118461e-02 5.029178038239479065e-02 9.809995249881247048e+01
5.030731641102061114e-02 4.978455603122711182e-02 9.821745543638591869e+01
5.049124199392576035e-02 5.092189833521842957e-02 9.818495462386559325e+01
5.002313442419048517e-02 4.917479678988456726e-02 9.825495637390935144e+01
4.978562676700708928e-02 4.972615092992782593e-02 9.809245231130778109e+01
4.970009932311193757e-02 5.029326677322387695e-02 9.815245381134528202e+01
4.954657636447174635e-02 4.948379471898078918e-02 9.814495362384059263e+01
4.954367166282388352e-02 4.975109919905662537e-02 9.807745193629841651e+01
4.946171334216893645e-02 4.867048934102058411e-02 9.818745468636716112e+01
4.908091176989023280e-02 4.852997884154319763e-02 9.822745568639216174e+01
4.918833440178526500e-02 4.846118390560150146e-02 9.829745743643590572e+01
4.883416311915787095e-02 4.984857141971588135e-02 9.826745668641716236e+01
4.846489537296637395e-02 4.990845546126365662e-02 9.824245606140154052e+01
4.859153446356703071e-02 4.983987659215927124e-02 9.821745543638591869e+01
4.838892048993291561e-02 4.795762151479721069e-02 9.827245681142028388e+01
4.823139245501190803e-02 5.236433446407318115e-02 9.796994924873121136e+01
4.866809020746836606e-02 4.819085821509361267e-02 9.821995549888747234e+01
4.797641081038322292e-02 4.789903759956359863e-02 9.828995724893123054e+01
4.784353927651133903e-02 4.792944714426994324e-02 9.824995624890621571e+01
4.782318568082193078e-02 4.714982211589813232e-02 9.832245806145152756e+01
4.756183076442296181e-02 5.009878054261207581e-02 9.810745268631715987e+01
4.767435837846956126e-02 4.983234778046607971e-02 9.820995524888121508e+01
4.733785387671476247e-02 4.754686728119850159e-02 9.826495662391559449e+01
4.699387684520278663e-02 4.731796309351921082e-02 9.824745618640466205e+01
4.703071042359285858e-02 4.727498441934585571e-02 9.827495687392185175e+01
4.704703113652509983e-02 4.856917262077331543e-02 9.827745693642341962e+01
4.682934071898215561e-02 4.729225486516952515e-02 9.823495587389685113e+01
4.634900886732570141e-02 4.710204899311065674e-02 9.817995449886247172e+01
4.648641012476990853e-02 4.640535265207290649e-02 9.832495812395309542e+01
4.662551731409945305e-02 4.600346460938453674e-02 9.835745893647340665e+01
4.640513138960467715e-02 4.582815244793891907e-02 9.830745768644216298e+01
4.624099735237634234e-02 4.629807546734809875e-02 9.829245731143278419e+01
4.586901565254247054e-02 4.572094231843948364e-02 9.824995624890621571e+01
4.612793989997546196e-02 4.555944725871086121e-02 9.833245831145778482e+01
4.577730003961577587e-02 4.630878567695617676e-02 9.832495812395309542e+01
4.571474486276537463e-02 4.672202467918395996e-02 9.830495762394060932e+01
4.566280022932823340e-02 4.601902142167091370e-02 9.829495737393433785e+01
4.573543194261802530e-02 4.703433439135551453e-02 9.832745818645466329e+01
4.548907077386090542e-02 4.611653089523315430e-02 9.822245556138902600e+01
4.537891828826617902e-02 4.676317796111106873e-02 9.830745768644216298e+01
4.541527976618334878e-02 4.604706168174743652e-02 9.810245256131403835e+01
4.512868493781873463e-02 4.541894420981407166e-02 9.820995524888121508e+01
4.505078346000501027e-02 4.483149945735931396e-02 9.835995899897497452e+01
4.493794797000665725e-02 4.573459550738334656e-02 9.822245556138902600e+01
4.479027061833096290e-02 4.487081244587898254e-02 9.833495837395935268e+01
4.488460980400675593e-02 4.451300203800201416e-02 9.835245881147028513e+01
4.472607968660081285e-02 4.698412865400314331e-02 9.826245656141404083e+01
4.454109679054375076e-02 4.690692946314811707e-02 9.822745568639216174e+01
4.453401455030320949e-02 4.492818564176559448e-02 9.826995674891871602e+01
4.505326146546766858e-02 4.459591954946517944e-02 9.837245931148278544e+01
4.436301048808261732e-02 4.526630043983459473e-02 9.832495812395309542e+01
4.437291285859056023e-02 4.438215866684913635e-02 9.832995824895623116e+01
4.439100861202499582e-02 4.437575116753578186e-02 9.833245831145778482e+01
4.428107500979294731e-02 4.663709923624992371e-02 9.837495937398435331e+01
4.416298310639084346e-02 4.408699646592140198e-02 9.834245856146404208e+01
4.380039774229028959e-02 4.451918601989746094e-02 9.836245906147654239e+01
4.375077289706356953e-02 4.357446730136871338e-02 9.834995874896873147e+01
4.391383187697937840e-02 4.412174969911575317e-02 9.831995799894997390e+01
4.368022634212157668e-02 4.355720803141593933e-02 9.834995874896873147e+01
4.391020851603165409e-02 4.465536400675773621e-02 9.822495562389059387e+01
4.397769745314421275e-02 4.444501549005508423e-02 9.825495637390935144e+01
4.338170927751525824e-02 4.426367208361625671e-02 9.822745568639216174e+01
4.357790082674345422e-02 4.334469884634017944e-02 9.832745818645466329e+01
4.317642804352740671e-02 4.385032877326011658e-02 9.830745768644216298e+01
4.341420150569225839e-02 4.372358322143554688e-02 9.830495762394060932e+01
4.304706930518107516e-02 4.332186654210090637e-02 9.839995999899997514e+01
4.304659553452125365e-02 4.365330561995506287e-02 9.825245631140778357e+01
4.300087402459919911e-02 4.332697018980979919e-02 9.833995849896247421e+01
4.295108987823281071e-02 4.331455379724502563e-02 9.827745693642341962e+01
4.294947100671218931e-02 4.406543448567390442e-02 9.832995824895623116e+01
4.292569759725689549e-02 4.317721724510192871e-02 9.830745768644216298e+01
4.302349700671241617e-02 4.396370798349380493e-02 9.833745843646090634e+01
4.271717263478921195e-02 4.294142127037048340e-02 9.838745968649216422e+01
4.247285119660140773e-02 4.284253716468811035e-02 9.842246056151402911e+01
4.298828192215731203e-02 4.499867931008338928e-02 9.843746093652340790e+01
4.279594198877713362e-02 4.308933019638061523e-02 9.827245681142028388e+01
4.270090258357980145e-02 4.313438385725021362e-02 9.833495837395935268e+01
4.285591220822334430e-02 4.358352348208427429e-02 9.836245906147654239e+01
4.242277149632546485e-02 4.375781118869781494e-02 9.830495762394060932e+01
4.235264898701345676e-02 4.383867233991622925e-02 9.840246006150154301e+01
4.256144559626568596e-02 4.329647868871688843e-02 9.839245981149528575e+01
4.244757030802973063e-02 4.305455088615417480e-02 9.837745943648592117e+01
4.239266264287923358e-02 4.256519675254821777e-02 9.832495812395309542e+01
4.228467450533917454e-02 4.308704659342765808e-02 9.838745968649216422e+01
4.177876961900447994e-02 4.342669993638992310e-02 9.837745943648592117e+01
4.219577147082528151e-02 4.404673725366592407e-02 9.831245781144528451e+01
4.195394828821145949e-02 4.316752776503562927e-02 9.841746043651092180e+01
4.198734287071787669e-02 4.235508665442466736e-02 9.836495912397809604e+01
4.177032418825062099e-02 4.367423802614212036e-02 9.832745818645466329e+01
4.169789992471235190e-02 4.258653894066810608e-02 9.833245831145778482e+01
4.161214852899568217e-02 4.224409908056259155e-02 9.841246031150778606e+01
4.172798422255936945e-02 4.237734526395797729e-02 9.841246031150778606e+01
4.154018661726005535e-02 4.289412871003150940e-02 9.842996074901873271e+01
4.147273474446351582e-02 4.325186461210250854e-02 9.832245806145152756e+01
4.134074624894982369e-02 4.226689413189888000e-02 9.839495987399683941e+01
4.143665813439534329e-02 4.182212427258491516e-02 9.838245956148902849e+01
4.172243784051001686e-02 4.156671091914176941e-02 9.839995999899997514e+01
4.133015736364146347e-02 4.190583154559135437e-02 9.835995899897497452e+01
4.110926229317694164e-02 4.230815544724464417e-02 9.829745743643590572e+01
4.119196145071245263e-02 4.256944730877876282e-02 9.835745893647340665e+01
4.137090045435913577e-02 4.132385179400444031e-02 9.842496062401559698e+01
4.119745683050199392e-02 4.296230524778366089e-02 9.837995949898747483e+01
4.112793097482282667e-02 4.139182344079017639e-02 9.846246156153904394e+01
4.099367010111756165e-02 4.115606471896171570e-02 9.838245956148902849e+01
4.117879773747762373e-02 4.142509773373603821e-02 9.846996174904371912e+01
4.100193848615618641e-02 4.254756495356559753e-02 9.835495887397185300e+01
4.084988096378505684e-02 4.166753217577934265e-02 9.838245956148902849e+01
4.096504718309391252e-02 4.178595170378684998e-02 9.836495912397809604e+01
4.069720763867883118e-02 4.193804785609245300e-02 9.839745993649840727e+01
4.055948146909441054e-02 4.121782630681991577e-02 9.838995974899373209e+01
4.111591632529458529e-02 4.084162041544914246e-02 9.846996174904371912e+01
4.073570323001891175e-02 4.195391386747360229e-02 9.840746018650466453e+01
4.076531281528598255e-02 4.292984679341316223e-02 9.818495462386559325e+01
4.106289162299275874e-02 4.172111675143241882e-02 9.840746018650466453e+01
4.080162736139152785e-02 4.134824872016906738e-02 9.843496087402185424e+01
4.026971922422350331e-02 4.249595850706100464e-02 9.840496012400311088e+01
4.046930143674761643e-02 4.201984778046607971e-02 9.835995899897497452e+01
4.064301931980469212e-02 4.237805679440498352e-02 9.841496037400935393e+01
4.052267374247116999e-02 4.139696434140205383e-02 9.837245931148278544e+01
4.044796047204160527e-02 4.082787781953811646e-02 9.841746043651092180e+01
4.051413878855947281e-02 4.121676087379455566e-02 9.831745793644842024e+01
4.041851691119622420e-02 4.138699546456336975e-02 9.845746143653590821e+01
4.033785037218433345e-02 4.067598283290863037e-02 9.839745993649840727e+01
4.018401873657960477e-02 4.078028723597526550e-02 9.842246056151402911e+01
4.009179219796767113e-02 4.177810996770858765e-02 9.843996099902497576e+01
4.023038198954423383e-02 4.135092720389366150e-02 9.833495837395935268e+01
4.005577296263816006e-02 4.099834710359573364e-02 9.834995874896873147e+01
3.999123671783751804e-02 4.138469323515892029e-02 9.824745618640466205e+01
3.987223773926978215e-02 4.121639952063560486e-02 9.845746143653590821e+01
4.002518340156915183e-02 4.113178327679634094e-02 9.841496037400935393e+01
3.982459283688686430e-02 4.034995660185813904e-02 9.844746118652966516e+01
3.979044622281584925e-02 4.095252975821495056e-02 9.847246181154528699e+01
3.975226696578402358e-02 4.048212245106697083e-02 9.844746118652966516e+01
3.956025848239601295e-02 4.012808576226234436e-02 9.849496237405934096e+01
3.979801225382677970e-02 4.102615639567375183e-02 9.841496037400935393e+01
3.975637536521715171e-02 4.149585217237472534e-02 9.848246206155153004e+01
3.965434451714854730e-02 4.244659841060638428e-02 9.842746068651716485e+01
3.978803751363026858e-02 4.015889391303062439e-02 9.849496237405934096e+01
3.956935534415890326e-02 4.023058339953422546e-02 9.844496112402809729e+01
3.972195938303287044e-02 4.126688838005065918e-02 9.838495962399059636e+01
3.937925232131985614e-02 4.015265032649040222e-02 9.848996224905623365e+01
3.941092997577601287e-02 4.111781716346740723e-02 9.837995949898747483e+01
3.947472928217134192e-02 4.023452475666999817e-02 9.841246031150778606e+01
3.944827688388126419e-02 4.006704315543174744e-02 9.842746068651716485e+01
3.973116816486741559e-02 4.023852571845054626e-02 9.844246106152654363e+01
3.956099775604635799e-02 4.132458195090293884e-02 9.829495737393433785e+01
3.940184296619108489e-02 4.044092074036598206e-02 9.835245881147028513e+01
3.938637779288249596e-02 4.067331552505493164e-02 9.845746143653590821e+01
3.941026936669791980e-02 4.153211042284965515e-02 9.829245731143278419e+01
3.978419614519903419e-02 4.027803987264633179e-02 9.842746068651716485e+01
3.941681646315557674e-02 3.973291441798210144e-02 9.848996224905623365e+01
3.903708952155600376e-02 4.176466912031173706e-02 9.841496037400935393e+01
3.962662674762106041e-02 4.138083383440971375e-02 9.838995974899373209e+01
3.952804751182071447e-02 3.949034959077835083e-02 9.844746118652966516e+01
3.918689333819756065e-02 4.008946195244789124e-02 9.845246131153278668e+01
3.907315910635041079e-02 3.946426510810852051e-02 9.848746218655466578e+01
3.930756365216857978e-02 3.941052779555320740e-02 9.847496187404685486e+01
3.892354751844157718e-02 3.972407802939414978e-02 9.841996049901247545e+01
3.907317517656840045e-02 4.033702611923217773e-02 9.844246106152654363e+01
3.905767784216124250e-02 3.977806866168975830e-02 9.830495762394060932e+01
3.904458453367173898e-02 4.011234268546104431e-02 9.848246206155153004e+01
3.924997703605549032e-02 4.154328256845474243e-02 9.837245931148278544e+01
3.909701427078556696e-02 4.037592560052871704e-02 9.845246131153278668e+01
3.907675845765172518e-02 3.988235816359519958e-02 9.851496287407185548e+01
3.888161467639646846e-02 3.955762833356857300e-02 9.842496062401559698e+01
3.893294888102983436e-02 3.936870023608207703e-02 9.843496087402185424e+01
3.909470529931902139e-02 3.916535526514053345e-02 9.847996199904997638e+01
3.870619867385619028e-02 3.917195275425910950e-02 9.847996199904997638e+01
3.893515100091941156e-02 3.974512219429016113e-02 9.847746193654842273e+01
3.889834399669190451e-02 3.877035528421401978e-02 9.848746218655466578e+01
3.892372941577504353e-02 4.106773808598518372e-02 9.828995724893123054e+01
3.886240298415379740e-02 3.981065750122070312e-02 9.846246156153904394e+01
3.881278016960605648e-02 4.057918116450309753e-02 9.826995674891871602e+01
3.845444607300066431e-02 4.041339457035064697e-02 9.837995949898747483e+01
3.859095068059200523e-02 3.977655619382858276e-02 9.841246031150778606e+01
3.849993912878169056e-02 3.892283514142036438e-02 9.852996324908123427e+01
3.851463743209842389e-02 3.937876969575881958e-02 9.843746093652340790e+01
3.890583127006431302e-02 3.995415568351745605e-02 9.836245906147654239e+01
3.853837844180736660e-02 3.936930373311042786e-02 9.842746068651716485e+01
3.859229998589752686e-02 3.892743214964866638e-02 9.850246256156404456e+01
3.830855967654192562e-02 4.000685364007949829e-02 9.833495837395935268e+01
3.858450482497485790e-02 3.960525617003440857e-02 9.850246256156404456e+01
3.836392987050583209e-02 3.916087374091148376e-02 9.850746268656716609e+01
3.847463516719069193e-02 3.946497663855552673e-02 9.832495812395309542e+01
3.835228806377550398e-02 3.887554630637168884e-02 9.841996049901247545e+01
3.824166956432964448e-02 3.858836740255355835e-02 9.846246156153904394e+01
3.837299554195329476e-02 3.932845219969749451e-02 9.844496112402809729e+01
3.851914280692089743e-02 3.893877938389778137e-02 9.845246131153278668e+01
3.828843574417502282e-02 3.948321938514709473e-02 9.845246131153278668e+01
3.846110641112388678e-02 3.862188383936882019e-02 9.850246256156404456e+01
3.808894153445326752e-02 3.925321996212005615e-02 9.838245956148902849e+01
3.802706282796604331e-02 3.921096026897430420e-02 9.845496137403435455e+01
3.828210222515642663e-02 3.944399207830429077e-02 9.830745768644216298e+01
3.804291946579399508e-02 3.885865211486816406e-02 9.843496087402185424e+01
3.831625545013984946e-02 4.026304185390472412e-02 9.842996074901873271e+01
3.818829697691056291e-02 3.853983059525489807e-02 9.850746268656716609e+01
3.803305040489626809e-02 3.864288330078125000e-02 9.851746293657342335e+01
3.802470998223534543e-02 4.018343612551689148e-02 9.825745643641090510e+01
3.797365401224247344e-02 3.888516500592231750e-02 9.848496212405309791e+01
3.810244120472403018e-02 3.862466663122177124e-02 9.845746143653590821e+01
3.806696050775904006e-02 3.849930688738822937e-02 9.855246381159528823e+01
3.798947782602759421e-02 3.915748000144958496e-02 9.842246056151402911e+01
3.802300971332593649e-02 3.878877684473991394e-02 9.847746193654842273e+01
3.807701702394246379e-02 3.849103674292564392e-02 9.849246231155778730e+01
3.792267027757580816e-02 3.909212350845336914e-02 9.841746043651092180e+01
3.802552109828479660e-02 3.806722536683082581e-02 9.849246231155778730e+01
3.790817908202757242e-02 3.816186264157295227e-02 9.850246256156404456e+01
3.786576107810451369e-02 3.896420076489448547e-02 9.849996249906247670e+01
3.773464735138064297e-02 3.878281265497207642e-02 9.843996099902497576e+01
3.805501484132373102e-02 4.028010740876197815e-02 9.827495687392185175e+01
3.812675820184515535e-02 3.818082809448242188e-02 9.848246206155153004e+01
3.794104089812050384e-02 3.927422687411308289e-02 9.839995999899997514e+01
3.772476253189186585e-02 3.875427320599555969e-02 9.845246131153278668e+01
3.785405262424895723e-02 3.866972774267196655e-02 9.844746118652966516e+01
3.775576773411790099e-02 3.882359713315963745e-02 9.846746168654216547e+01
3.773771873419785872e-02 3.812700882554054260e-02 9.850496262406561243e+01
3.791772562361785809e-02 3.898779302835464478e-02 9.847996199904997638e+01
3.775774983021308595e-02 4.031403735280036926e-02 9.838495962399059636e+01
3.768412384737389320e-02 3.863984718918800354e-02 9.845996149903747607e+01
3.769012289071971972e-02 3.890298679471015930e-02 9.841246031150778606e+01
3.767542420362150757e-02 3.816839680075645447e-02 9.848746218655466578e+01
3.760922850477733947e-02 3.889639303088188171e-02 9.833495837395935268e+01
3.781966238891882465e-02 3.867226839065551758e-02 9.833745843646090634e+01
3.797027691545429295e-02 3.903480619192123413e-02 9.843246081152028637e+01
3.766884070741737672e-02 3.824986889958381653e-02 9.848996224905623365e+01
3.746770135526970857e-02 3.792373463511466980e-02 9.849496237405934096e+01
3.754565745979704383e-02 3.779453039169311523e-02 9.849746243656090883e+01
3.762253052915527640e-02 3.822269663214683533e-02 9.844746118652966516e+01
3.743738101738400964e-02 3.834291920065879822e-02 9.845996149903747607e+01
3.758086312012975244e-02 3.788087889552116394e-02 9.842746068651716485e+01
3.762224178585119039e-02 3.899506852030754089e-02 9.841746043651092180e+01
3.734356050677836714e-02 3.793411329388618469e-02 9.849996249906247670e+01
3.746622103021650385e-02 3.783869370818138123e-02 9.848246206155153004e+01
3.711347398151157440e-02 3.860807046294212341e-02 9.838745968649216422e+01
3.721740238577159188e-02 3.833014518022537231e-02 9.848996224905623365e+01
3.720027080824489518e-02 3.777952119708061218e-02 9.848996224905623365e+01
3.720943139763373264e-02 3.786460682749748230e-02 9.851246281157028761e+01
3.744462366823926580e-02 3.862613067030906677e-02 9.843246081152028637e+01
3.731338775125900287e-02 3.813641890883445740e-02 9.849746243656090883e+01
3.703060112429184397e-02 3.982831910252571106e-02 9.836995924898121757e+01
3.736232023715344019e-02 3.901353105902671814e-02 9.843496087402185424e+01
3.725460709832304623e-02 3.758839890360832214e-02 9.847746193654842273e+01
3.702543045034793756e-02 3.819989785552024841e-02 9.853246331158278792e+01
3.715760437799762311e-02 3.787652775645256042e-02 9.845996149903747607e+01
3.717407444213444850e-02 3.846812993288040161e-02 9.841746043651092180e+01
3.725866431262370854e-02 3.757920488715171814e-02 9.850746268656716609e+01
3.744468251856911817e-02 3.966160863637924194e-02 9.836745918647966391e+01
3.703640203768734929e-02 3.779209032654762268e-02 9.848996224905623365e+01
3.723978471634841608e-02 3.853157162666320801e-02 9.842996074901873271e+01
3.725853625656350143e-02 3.810166567564010620e-02 9.842996074901873271e+01
3.699648714543457562e-02 3.859946876764297485e-02 9.846246156153904394e+01
3.713336291157568608e-02 3.869196772575378418e-02 9.848746218655466578e+01
3.699815904531680855e-02 3.956220299005508423e-02 9.838245956148902849e+01
3.725732538543614220e-02 3.745093569159507751e-02 9.852496312407809853e+01
3.684407256730977409e-02 3.779619187116622925e-02 9.849246231155778730e+01
3.689412663402716341e-02 3.835193067789077759e-02 9.841246031150778606e+01
3.699155345521457083e-02 3.769862279295921326e-02 9.846496162404059760e+01
3.700529467172104098e-02 3.791169077157974243e-02 9.848246206155153004e+01
3.721762224188170792e-02 3.790666162967681885e-02 9.848746218655466578e+01
3.676528202531455236e-02 3.733132779598236084e-02 9.852246306157653066e+01
3.701454738931718447e-02 3.736129030585289001e-02 9.854746368659216671e+01
3.678404376180009760e-02 3.703173622488975525e-02 9.850246256156404456e+01
3.675955397961347404e-02 3.804791346192359924e-02 9.849746243656090883e+01
3.679168114866563505e-02 3.800104185938835144e-02 9.845496137403435455e+01
3.706509765508816945e-02 3.760886192321777344e-02 9.848996224905623365e+01
3.694854009015917373e-02 3.846042975783348083e-02 9.845496137403435455e+01
3.674381946872461863e-02 3.797113522887229919e-02 9.847496187404685486e+01
3.682196858967805297e-02 3.721893951296806335e-02 9.850246256156404456e+01
3.661537926688236688e-02 3.746112436056137085e-02 9.847246181154528699e+01
3.669513743638059405e-02 3.807610645890235901e-02 9.851746293657342335e+01
3.687448866455406843e-02 3.735605627298355103e-02 9.846746168654216547e+01
3.699392482971113755e-02 3.764965385198593140e-02 9.851996299907497701e+01
3.656091592023522074e-02 3.758488222956657410e-02 9.842746068651716485e+01
3.689147497469509596e-02 3.723030537366867065e-02 9.850246256156404456e+01
3.658810418021329891e-02 3.853051364421844482e-02 9.844496112402809729e+01
3.697283810136943460e-02 3.764306008815765381e-02 9.844996124903121881e+01
3.654946122224644878e-02 3.744445741176605225e-02 9.850496262406561243e+01
3.663239087991043003e-02 3.736995533108711243e-02 9.848746218655466578e+01
3.657315549753435702e-02 3.719640895724296570e-02 9.850746268656716609e+01
3.652120805375423662e-02 3.738095611333847046e-02 9.846746168654216547e+01
3.651860719426463370e-02 3.764171898365020752e-02 9.846746168654216547e+01
3.657479807458035442e-02 3.809668123722076416e-02 9.844996124903121881e+01
3.688361924343575710e-02 3.952852264046669006e-02 9.835245881147028513e+01
3.671046819853356069e-02 3.871075063943862915e-02 9.845246131153278668e+01
3.635587026018256146e-02 3.772241622209548950e-02 9.848496212405309791e+01
3.667057994594946635e-02 3.700888529419898987e-02 9.852746318657966640e+01
3.644006156932452778e-02 3.774249926209449768e-02 9.842996074901873271e+01
3.666495704356074331e-02 3.766814246773719788e-02 9.844996124903121881e+01
3.634982873003229920e-02 3.740183636546134949e-02 9.851746293657342335e+01
3.643827337589554405e-02 3.760499134659767151e-02 9.847496187404685486e+01
3.635755527068507825e-02 3.712807968258857727e-02 9.851246281157028761e+01
3.676436186276135082e-02 3.888177499175071716e-02 9.846996174904371912e+01
3.650370722646152644e-02 3.763580322265625000e-02 9.850246256156404456e+01
3.623090458971154476e-02 3.686810284852981567e-02 9.853496337408435579e+01
3.646484040146573402e-02 3.735002875328063965e-02 9.845746143653590821e+01
3.641205629948528893e-02 3.713967278599739075e-02 9.849996249906247670e+01
3.657705681690012756e-02 3.774916008114814758e-02 9.841746043651092180e+01
3.628460771549291142e-02 3.733503818511962891e-02 9.849246231155778730e+01
3.635359511963710127e-02 3.668696433305740356e-02 9.848746218655466578e+01
3.641282177647881674e-02 3.801706060767173767e-02 9.841746043651092180e+01
3.649202767688684845e-02 3.731149062514305115e-02 9.850746268656716609e+01
3.658695131524093702e-02 3.907421976327896118e-02 9.823245581139528326e+01
3.646992155918724055e-02 3.790601342916488647e-02 9.841746043651092180e+01
3.634416584151944907e-02 3.704494982957839966e-02 9.849246231155778730e+01
3.627646484186863862e-02 3.731683269143104553e-02 9.851996299907497701e+01
3.629983924170469139e-02 3.688079491257667542e-02 9.855246381159528823e+01
3.626773142905306141e-02 3.646138682961463928e-02 9.853996349908747732e+01
3.617127482666501748e-02 3.717095404863357544e-02 9.849996249906247670e+01
3.618284424928500803e-02 3.726489841938018799e-02 9.850746268656716609e+01
3.634370705174339716e-02 3.705703467130661011e-02 9.851496287407185548e+01
3.653645208624919233e-02 3.872455283999443054e-02 9.840246006150154301e+01
3.643123100817349802e-02 3.762373700737953186e-02 9.853496337408435579e+01
3.639657263100533335e-02 3.702476620674133301e-02 9.848496212405309791e+01
3.622855486777958045e-02 3.733227029442787170e-02 9.845746143653590821e+01
3.600691557752567357e-02 3.744679689407348633e-02 9.849746243656090883e+01
3.651818187626577894e-02 3.747936710715293884e-02 9.849246231155778730e+01
3.599518931466098165e-02 3.797356411814689636e-02 9.833995849896247421e+01
3.639536501819605474e-02 3.696943819522857666e-02 9.855746393659840976e+01
3.608925143481734460e-02 3.704150766134262085e-02 9.850246256156404456e+01
3.605884702983497975e-02 3.835133835673332214e-02 9.839245981149528575e+01
3.624868726056723611e-02 3.757484629750251770e-02 9.844746118652966516e+01
3.606738703461483814e-02 3.793488070368766785e-02 9.838745968649216422e+01
3.619283814440851788e-02 3.826195374131202698e-02 9.845996149903747607e+01
3.605427275901328110e-02 3.692246228456497192e-02 9.849496237405934096e+01
3.612786196428262320e-02 3.786101192235946655e-02 9.846746168654216547e+01
3.600346452372730349e-02 3.701370581984519958e-02 9.846996174904371912e+01
3.620558993405752907e-02 3.825901448726654053e-02 9.848246206155153004e+01
3.615236479847192680e-02 3.716366738080978394e-02 9.854246356158904518e+01
3.602117167451231866e-02 3.828793764114379883e-02 9.838245956148902849e+01
3.585950396325930656e-02 3.721226006746292114e-02 9.849996249906247670e+01
3.596772223675365893e-02 3.750983253121376038e-02 9.844496112402809729e+01
3.607178185182949304e-02 3.695932775735855103e-02 9.848496212405309791e+01
3.615633211109185730e-02 3.735867142677307129e-02 9.846746168654216547e+01
3.598669950073370843e-02 3.645525127649307251e-02 9.855496387409685610e+01
3.619385854900496885e-02 3.668317943811416626e-02 9.852246306157653066e+01
3.583273502082878065e-02 3.776795789599418640e-02 9.845496137403435455e+01
3.595688640143329673e-02 3.633313626050949097e-02 9.853996349908747732e+01
3.574329286032673636e-02 3.693310916423797607e-02 9.849246231155778730e+01
3.596009398837656662e-02 3.695861622691154480e-02 9.846996174904371912e+01
3.584489883428272627e-02 3.813594952225685120e-02 9.846496162404059760e+01
3.573117121015095821e-02 3.670760616660118103e-02 9.850996274906871975e+01
3.588702440769966917e-02 3.675951436161994934e-02 9.847996199904997638e+01
3.602151937897334066e-02 3.636249899864196777e-02 9.854996374909373458e+01
3.584982283142307269e-02 3.718309476971626282e-02 9.851996299907497701e+01
3.585215612073357205e-02 3.659661114215850830e-02 9.849996249906247670e+01
3.583052019387874404e-02 3.663646429777145386e-02 9.850496262406561243e+01
3.580921712997883061e-02 3.695258498191833496e-02 9.846246156153904394e+01
3.584474957010404944e-02 3.675349429249763489e-02 9.849246231155778730e+01
3.588129440772679091e-02 3.891072049736976624e-02 9.838995974899373209e+01
3.603764603721570231e-02 3.626233339309692383e-02 9.853746343658590945e+01
3.594810768544018376e-02 3.700435906648635864e-02 9.846746168654216547e+01
3.584847113128517698e-02 3.704781830310821533e-02 9.852746318657966640e+01
3.558237166883971431e-02 3.762006759643554688e-02 9.843996099902497576e+01
3.583685682091062447e-02 3.815808519721031189e-02 9.833995849896247421e+01
3.569782971583271292e-02 3.673150017857551575e-02 9.851746293657342335e+01
3.594864318289915650e-02 3.745322674512863159e-02 9.843246081152028637e+01
3.565760402927627831e-02 3.650750592350959778e-02 9.853746343658590945e+01
3.572549073983584400e-02 3.688065707683563232e-02 9.851246281157028761e+01
3.566062288506366418e-02 3.768201917409896851e-02 9.849746243656090883e+01
3.577894433829578030e-02 3.694837167859077454e-02 9.851496287407185548e+01
3.583712607130205147e-02 3.614272549748420715e-02 9.853246331158278792e+01
3.574628149301661839e-02 3.707970678806304932e-02 9.850496262406561243e+01
3.603486547442370097e-02 3.709330782294273376e-02 9.844996124903121881e+01
3.579805877589985891e-02 3.639146313071250916e-02 9.849746243656090883e+01
3.554867472507487053e-02 3.621552884578704834e-02 9.854996374909373458e+01
3.562267174672900660e-02 3.659401461482048035e-02 9.853746343658590945e+01
3.606996481955388606e-02 3.643033280968666077e-02 9.854996374909373458e+01
3.564167574053800358e-02 3.660776838660240173e-02 9.853996349908747732e+01
3.557629117268210767e-02 3.660812601447105408e-02 9.851996299907497701e+01
3.562878550743625583e-02 3.743669018149375916e-02 9.835745893647340665e+01
3.559138782381530280e-02 3.722307831048965454e-02 9.845246131153278668e+01
3.557519324842486896e-02 3.677252680063247681e-02 9.848746218655466578e+01
3.561402589371356203e-02 3.666557744145393372e-02 9.852496312407809853e+01
3.546061854563975491e-02 3.672831133008003235e-02 9.855246381159528823e+01
3.557460750693017260e-02 3.711029514670372009e-02 9.852246306157653066e+01
3.561922375354032583e-02 3.615905344486236572e-02 9.853746343658590945e+01
3.570295487764059417e-02 3.749728947877883911e-02 9.837995949898747483e+01
3.585458382586156206e-02 3.730250149965286255e-02 9.844746118652966516e+01
3.547473703344600909e-02 3.705345094203948975e-02 9.854746368659216671e+01
3.572534477716891865e-02 3.650450706481933594e-02 9.848746218655466578e+01
3.571356315234169160e-02 3.633422031998634338e-02 9.846996174904371912e+01
3.552842478126347348e-02 3.760811313986778259e-02 9.845496137403435455e+01
3.551554541959997535e-02 3.615003824234008789e-02 9.852996324908123427e+01
3.560830526149465908e-02 3.700699657201766968e-02 9.842246056151402911e+01
3.582932834312998333e-02 3.674292936921119690e-02 9.851746293657342335e+01
3.539429570439931588e-02 3.633850440382957458e-02 9.852246306157653066e+01
3.533042980910928998e-02 3.678664565086364746e-02 9.848246206155153004e+01
3.545218975939375128e-02 3.600393608212471008e-02 9.852996324908123427e+01
3.557680915675119626e-02 3.616485744714736938e-02 9.853746343658590945e+01
3.555157936115776324e-02 3.802002966403961182e-02 9.848996224905623365e+01
3.549826431495600731e-02 3.785628080368041992e-02 9.852246306157653066e+01
3.565369267592319313e-02 3.620817512273788452e-02 9.855746393659840976e+01
3.544324905088330063e-02 3.661272674798965454e-02 9.846746168654216547e+01
3.550637819536910794e-02 3.664655983448028564e-02 9.852996324908123427e+01
3.562692465980477757e-02 3.620436042547225952e-02 9.846496162404059760e+01
3.551367053667306428e-02 3.700101003050804138e-02 9.840246006150154301e+01
3.544585351401820239e-02 3.645284473896026611e-02 9.854746368659216671e+01
3.549839896023390673e-02 3.807668760418891907e-02 9.846746168654216547e+01
3.533737454087825663e-02 3.681395202875137329e-02 9.850496262406561243e+01
3.560175308412583117e-02 3.631943091750144958e-02 9.845996149903747607e+01
3.532411359863520811e-02 3.668274730443954468e-02 9.852246306157653066e+01
3.510597905104526073e-02 3.623165935277938843e-02 9.850496262406561243e+01
3.535758026622283501e-02 3.657869249582290649e-02 9.847996199904997638e+01
3.541282735026495682e-02 3.708881884813308716e-02 9.839995999899997514e+01
3.532373080179863206e-02 3.591153770685195923e-02 9.851746293657342335e+01
3.508908920836024264e-02 3.836465999484062195e-02 9.833245831145778482e+01
3.568597074922497808e-02 3.653177618980407715e-02 9.850246256156404456e+01
3.535470322835599505e-02 3.647962212562561035e-02 9.847246181154528699e+01
3.559420365331906339e-02 3.635729849338531494e-02 9.846246156153904394e+01
3.552939020822960814e-02 3.628263995051383972e-02 9.856746418660466702e+01
3.510684637005302700e-02 3.649464994668960571e-02 9.843246081152028637e+01
3.540842900857300857e-02 3.631906211376190186e-02 9.851246281157028761e+01
3.530941562962053304e-02 3.637119010090827942e-02 9.851246281157028761e+01
3.505315532068684070e-02 3.665936365723609924e-02 9.844246106152654363e+01
3.514481167034955861e-02 3.638688102364540100e-02 9.846746168654216547e+01
3.524238028472936185e-02 3.623919561505317688e-02 9.848496212405309791e+01
3.511252671389004237e-02 3.559229895472526550e-02 9.851996299907497701e+01
3.545273450637485835e-02 3.623377159237861633e-02 9.846496162404059760e+01
3.502603930330683984e-02 3.645893931388854980e-02 9.841746043651092180e+01
3.535126528970371218e-02 3.652231395244598389e-02 9.848246206155153004e+01
3.513938248118566449e-02 3.667175397276878357e-02 9.845746143653590821e+01
