5.111574761411013412e+00 7.465524673461914062e-01 8.279206980174504338e+01
5.259313794014474075e-01 4.280146062374114990e-01 8.846721168029201010e+01
3.866713512779942352e-01 3.509996831417083740e-01 8.851721293032326798e+01
3.357974943406061286e-01 3.254283070564270020e-01 9.068476711917797672e+01
3.129237695102868311e-01 3.023125827312469482e-01 9.113977849446236235e+01
2.970623171647412408e-01 2.934987545013427734e-01 9.101227530688267109e+01
2.859715665058411571e-01 2.803843617439270020e-01 9.198979974499363266e+01
2.790036589824670399e-01 2.743702232837677002e-01 9.180729518237956199e+01
2.709339569646799228e-01 2.666281759738922119e-01 9.236980924523112435e+01
2.668294133127379064e-01 2.629837691783905029e-01 9.267231680792019688e+01
2.611792417535227506e-01 2.685011327266693115e-01 9.275481887047176599e+01
2.570174921045151328e-01 2.528050541877746582e-01 9.299482487062175551e+01
2.509933000349218735e-01 2.520058751106262207e-01 9.245731143278581499e+01
2.469349212945385064e-01 2.476276308298110962e-01 9.269731743293581872e+01
2.427492898738868310e-01 2.423845827579498291e-01 9.280482012050302387e+01
2.396640172108135403e-01 2.381918728351593018e-01 9.391984799619990554e+01
2.357895090306089680e-01 2.331906259059906006e-01 9.347233680842020931e+01
2.316962280863281431e-01 2.302144914865493774e-01 9.371234280857021304e+01
2.294333261182643913e-01 2.269360423088073730e-01 9.362734068351709027e+01
2.280122916945763190e-01 2.289934158325195312e-01 9.320983024575613740e+01
2.266934477929120617e-01 2.418024986982345581e-01 9.150728768219205733e+01
2.248237090626996615e-01 2.214709222316741943e-01 9.361484037100927935e+01
2.211545868103775014e-01 2.225152254104614258e-01 9.429235730893272205e+01
2.185724201095440300e-01 2.176602780818939209e-01 9.358233955848895391e+01
2.178352092618723868e-01 2.166104465723037720e-01 9.365484137103427997e+01
2.146803760232198488e-01 2.136182337999343872e-01 9.436985924648115542e+01
2.128647589444947474e-01 2.116561681032180786e-01 9.436235905897648024e+01
2.104914968306912104e-01 2.145486325025558472e-01 9.425235630890772143e+01
2.118414511841652248e-01 2.252442836761474609e-01 9.248481212030300469e+01
2.109010872687613614e-01 2.103080451488494873e-01 9.442986074651867057e+01
2.072279352598521418e-01 2.202760130167007446e-01 9.386734668366709400e+01
2.069832640122816758e-01 2.112062126398086548e-01 9.362984074601865814e+01
2.052829232529012338e-01 2.031391561031341553e-01 9.439235980899522360e+01
2.020843016274349035e-01 2.170441448688507080e-01 9.267731693292333262e+01
2.011644094905481184e-01 2.020498961210250854e-01 9.468236705917647100e+01
1.996669860734963942e-01 1.991465836763381958e-01 9.449986249656241455e+01
1.991329994410405146e-01 1.983657926321029663e-01 9.460986524663115915e+01
1.972442227514489277e-01 2.323315590620040894e-01 9.167729193229831708e+01
1.994961749797989348e-01 2.003890424966812134e-01 9.369734243356083425e+01
1.946667590061849362e-01 1.953196078538894653e-01 9.444486112152803514e+01
1.946602163523252771e-01 2.024565339088439941e-01 9.348983724593115596e+01
1.936389289274299264e-01 1.963230669498443604e-01 9.475486887172179706e+01
1.919884435721711524e-01 1.928029656410217285e-01 9.485987149678742014e+01
1.906991863997871961e-01 1.960211545228958130e-01 9.475986899672491859e+01
1.910004027176601671e-01 1.912146657705307007e-01 9.471486787169679644e+01
1.884097891900181621e-01 1.911597102880477905e-01 9.486987174679366319e+01
1.883672466054619743e-01 2.238123416900634766e-01 9.270231755793895445e+01
1.902117310286323693e-01 1.884990781545639038e-01 9.454736368409210456e+01
1.859491285463047427e-01 1.885923147201538086e-01 9.479986999674991921e+01
1.857204388531229489e-01 1.872497051954269409e-01 9.456486412160303701e+01
1.845323125560309752e-01 1.864945739507675171e-01 9.495737393434835383e+01
1.839734144204437094e-01 1.839483231306076050e-01 9.476986924673116164e+01
1.835049537188389868e-01 1.830043643712997437e-01 9.479236980924522982e+01
1.823364662430140282e-01 1.859100461006164551e-01 9.450236255906398242e+01
1.829329352552561960e-01 1.840493679046630859e-01 9.464486612165303825e+01
1.814530537983114200e-01 1.818374097347259521e-01 9.498487462186554353e+01
1.795769706313498637e-01 1.803056746721267700e-01 9.501237530938273323e+01
1.817634106019858919e-01 1.812735199928283691e-01 9.466486662166553856e+01
1.791420278979477532e-01 1.836695671081542969e-01 9.477736943423586524e+01
1.792529479572823325e-01 1.966287940740585327e-01 9.339233480837020807e+01
1.812985269421536483e-01 1.790750771760940552e-01 9.516987924698116785e+01
1.780493682567841074e-01 1.831682026386260986e-01 9.450986274656865760e+01
1.771545995194533651e-01 1.889672279357910156e-01 9.464236605915148459e+01
1.820503860025868836e-01 1.977067738771438599e-01 9.413485337133428743e+01
1.811817419800086093e-01 1.785349100828170776e-01 9.509737743443585600e+01
1.755990955140478982e-01 1.830712258815765381e-01 9.489487237180928503e+01
1.757533732208592103e-01 1.816594004631042480e-01 9.482737068426710891e+01
1.736604470848006343e-01 1.802553236484527588e-01 9.491237280932023168e+01
1.729450611323502807e-01 1.770848333835601807e-01 9.510737768444211326e+01
1.762485611158976784e-01 1.784097105264663696e-01 9.493737343433585352e+01
1.726111166715664502e-01 1.742806732654571533e-01 9.506987674691866630e+01
1.715211951553301251e-01 1.745885014533996582e-01 9.504737618440461233e+01
1.710503166674227915e-01 1.823505014181137085e-01 9.421985549638741020e+01
1.736768605507151564e-01 1.751457005739212036e-01 9.493987349683742138e+01
1.714537286306509478e-01 1.762440800666809082e-01 9.473986849671241828e+01
1.701238984865307280e-01 1.760734915733337402e-01 9.501987549688742263e+01
1.690718120980561900e-01 1.709339320659637451e-01 9.518487962199054664e+01
1.727535635892856469e-01 1.788565367460250854e-01 9.481987049676241952e+01
1.685715628558689672e-01 1.726517230272293091e-01 9.500487512187805805e+01
1.675983677558537110e-01 1.843907237052917480e-01 9.457986449661241579e+01
1.689090277926321715e-01 1.685766279697418213e-01 9.527988199704992667e+01
1.671699260715055479e-01 1.852429062128067017e-01 9.417235430885772018e+01
1.705157408695049670e-01 1.737874299287796021e-01 9.498237455936397566e+01
1.666450248138692525e-01 1.689339429140090942e-01 9.519737993449835756e+01
1.673644877299063360e-01 1.679929941892623901e-01 9.528738218455461606e+01
1.655621624945992354e-01 1.709155589342117310e-01 9.504237605940149081e+01
1.663855482069774294e-01 1.714092940092086792e-01 9.498237455936397566e+01
1.660472279003975260e-01 1.723211556673049927e-01 9.516237905947649267e+01
1.654063385255707674e-01 1.667264550924301147e-01 9.540488512212806427e+01
1.641553333478077137e-01 1.678497791290283203e-01 9.528238205955148032e+01
1.660400621257770992e-01 1.726834326982498169e-01 9.497987449686242201e+01
1.632040531555439822e-01 1.774080395698547363e-01 9.454986374659367243e+01
1.630432102176713749e-01 1.782813370227813721e-01 9.432735818395460115e+01
1.658082369095253972e-01 1.707301735877990723e-01 9.502987574689367989e+01
1.644312969742765529e-01 1.668221801519393921e-01 9.519487987199678969e+01
1.643181963533635603e-01 1.662886589765548706e-01 9.536988424710617096e+01
1.618947354665226657e-01 1.843155622482299805e-01 9.444486112152803514e+01
1.653234552199931429e-01 1.662316918373107910e-01 9.538238455961398188e+01
1.624986824857086731e-01 1.653990149497985840e-01 9.518487962199054664e+01
1.618623960016742358e-01 1.635051220655441284e-01 9.538988474711868548e+01
1.632101680292776247e-01 1.702112555503845215e-01 9.510737768444211326e+01
1.630043144750994155e-01 1.776303648948669434e-01 9.429985749643741144e+01
1.643831744447259435e-01 1.666149497032165527e-01 9.524238105952649391e+01
1.614836624844797064e-01 1.651193350553512573e-01 9.524488112202804757e+01
1.606202237560644952e-01 1.664116233587265015e-01 9.512737818445461357e+01
1.605114795000247008e-01 1.691711694002151489e-01 9.501487537188430110e+01
1.612896682353308353e-01 1.621895730495452881e-01 9.533988349708742760e+01
1.594324582693018855e-01 1.650572568178176880e-01 9.534238355958899547e+01
1.607435905821845701e-01 1.619818359613418579e-01 9.543738593464836129e+01
1.592467250548839919e-01 1.662252247333526611e-01 9.535988399709992791e+01
1.596723697230597594e-01 1.762264668941497803e-01 9.435235880897022298e+01
1.617999738044629543e-01 1.731466352939605713e-01 9.469986749668741766e+01
1.590402467740220926e-01 1.627321392297744751e-01 9.525488137203430483e+01
1.627615862115067702e-01 1.609628200531005859e-01 9.528488212205304819e+01
1.585305411736920855e-01 1.622754782438278198e-01 9.525238130953273696e+01
1.610388545574037711e-01 1.652057319879531860e-01 9.509987749693742387e+01
1.580302126634818838e-01 1.637589633464813232e-01 9.519487987199678969e+01
1.597613991061186678e-01 1.605979353189468384e-01 9.537738443461087456e+01
1.583175795069977632e-01 1.598381549119949341e-01 9.548238705967648343e+01
1.585376880999510574e-01 1.698447763919830322e-01 9.478986974674367616e+01
1.567737535226620682e-01 1.636175960302352905e-01 9.541988549713742884e+01
1.568078601362779823e-01 1.602414697408676147e-01 9.549488737218429435e+01
1.569131101776488901e-01 1.704508960247039795e-01 9.483237080927023044e+01
1.578062777469996514e-01 1.635053753852844238e-01 9.536738418460461730e+01
1.594662305605058228e-01 1.632205843925476074e-01 9.528988224705618393e+01
1.565788822033525318e-01 1.637974232435226440e-01 9.504987624690616599e+01
1.569942818492269798e-01 1.681373417377471924e-01 9.487737193429836680e+01
1.591497663578468891e-01 1.610480397939682007e-01 9.530738268456711637e+01
1.568878159406069395e-01 1.770083606243133545e-01 9.422235555888896386e+01
1.654730380412558488e-01 1.571771204471588135e-01 9.546488662216555099e+01
1.557251060628365713e-01 1.571613848209381104e-01 9.561239030975774256e+01
1.574071431705203195e-01 1.641572713851928711e-01 9.515737893447335694e+01
1.557452222578473433e-01 1.575979888439178467e-01 9.546238655966399733e+01
1.557207176503927482e-01 1.567286550998687744e-01 9.546988674716867251e+01
1.582210165757242382e-01 1.560683250427246094e-01 9.559738993474836377e+01
1.542491749296986958e-01 1.554062068462371826e-01 9.556988924723117407e+01
1.544539100021644906e-01 1.557132154703140259e-01 9.557988949723743133e+01
1.546428477479295793e-01 1.604771614074707031e-01 9.516987924698116785e+01
1.539377566442382550e-01 1.641867458820343018e-01 9.517737943448587146e+01
1.541366397121183285e-01 1.576074510812759399e-01 9.546988674716867251e+01
1.530772622144621342e-01 1.548562645912170410e-01 9.553988849721243071e+01
1.542441337938082191e-01 1.655179113149642944e-01 9.503737593439835507e+01
1.551392731910212208e-01 1.598298698663711548e-01 9.540988524713117158e+01
1.548736536693795240e-01 1.686512678861618042e-01 9.496237405935148956e+01
1.573438115138113547e-01 1.545112580060958862e-01 9.550488762219056582e+01
1.517240180245143233e-01 1.658109426498413086e-01 9.499237480937023292e+01
1.521501833735067755e-01 1.750333607196807861e-01 9.458486462161553732e+01
1.515538938118472234e-01 1.628804951906204224e-01 9.508737718442961295e+01
1.521389537796044578e-01 1.532710939645767212e-01 9.556738918472962041e+01
1.530312596802411995e-01 1.580583453178405762e-01 9.530988274706867003e+01
1.535410405099572606e-01 1.563450396060943604e-01 9.548738718467961917e+01
1.520973452992664121e-01 1.692561060190200806e-01 9.475236880922022920e+01
1.520807394975876026e-01 1.532827913761138916e-01 9.562989074726868921e+01
1.506343680749341052e-01 1.611755937337875366e-01 9.509987749693742387e+01
1.517485777232642774e-01 1.853940337896347046e-01 9.425235630890772143e+01
1.517426951548796199e-01 1.561000347137451172e-01 9.547238680967024038e+01
1.507667763796537996e-01 1.530000120401382446e-01 9.558488962224055285e+01
1.511875321686691198e-01 1.626827865839004517e-01 9.497737443436086835e+01
1.521589991635799999e-01 1.582369804382324219e-01 9.526488162204054788e+01
1.503398663981214134e-01 1.545739769935607910e-01 9.548738718467961917e+01
1.490983169322206148e-01 1.529551297426223755e-01 9.556988924723117407e+01
1.497049346320032115e-01 1.579755842685699463e-01 9.516237905947649267e+01
1.506225707294778504e-01 1.530678123235702515e-01 9.544988624715617220e+01
1.497656541210563019e-01 1.673072278499603271e-01 9.491737293432336742e+01
1.492134949210902894e-01 1.506798118352890015e-01 9.566989174729367562e+01
1.506657305540497205e-01 1.589845120906829834e-01 9.521738043451087208e+01
1.507553388905090996e-01 1.516240239143371582e-01 9.562989074726868921e+01
1.492486654858247996e-01 1.512784212827682495e-01 9.560989024725617469e+01
1.477663208634657221e-01 1.565646827220916748e-01 9.535488387209680639e+01
1.476255507343441908e-01 1.564705222845077515e-01 9.544238605965149702e+01
1.491344806875491424e-01 1.529916524887084961e-01 9.556988924723117407e+01
1.495341300830618503e-01 1.507686823606491089e-01 9.575739393484836626e+01
1.483418360236938016e-01 1.502503454685211182e-01 9.552988824720618766e+01
1.483759543569999062e-01 1.535367071628570557e-01 9.546238655966399733e+01
1.490251010588147240e-01 1.506942212581634521e-01 9.552238805970148405e+01
1.470345147007843245e-01 1.553929001092910767e-01 9.523238080952023665e+01
1.500405053354923468e-01 1.491916030645370483e-01 9.570489262231556893e+01
1.467475669042663800e-01 1.519617885351181030e-01 9.544988624715617220e+01
1.470909550954679901e-01 1.491220444440841675e-01 9.561739043476087829e+01
1.467232380779618650e-01 1.558586359024047852e-01 9.535738393459836004e+01
1.470555671077837523e-01 1.525837928056716919e-01 9.566489162229055410e+01
1.473489585508387656e-01 1.520636230707168579e-01 9.553988849721243071e+01
1.465195699503733795e-01 1.671290546655654907e-01 9.479486987174678347e+01
1.486704904215668810e-01 1.606931388378143311e-01 9.495487387184680017e+01
1.479196756912620481e-01 1.477799862623214722e-01 9.576739418485462352e+01
1.463489480398455223e-01 1.476596295833587646e-01 9.572239305982648716e+01
1.470203684274118128e-01 1.480719745159149170e-01 9.569989249731243319e+01
1.486733039631940312e-01 1.589677631855010986e-01 9.541238530963273945e+01
1.474699429382249072e-01 1.760407537221908569e-01 9.426235655891397869e+01
1.483445603231970389e-01 1.657000184059143066e-01 9.474986874671867554e+01
1.470118514788945063e-01 1.617728173732757568e-01 9.505237630940773386e+01
1.458499461576155398e-01 1.491452306509017944e-01 9.567239180979524349e+01
1.438903015558907761e-01 1.467629224061965942e-01 9.572739318482962290e+01
1.444930174549801105e-01 1.532342284917831421e-01 9.533988349708742760e+01
1.460642582358381569e-01 1.460929512977600098e-01 9.572739318482962290e+01
1.470852470907663134e-01 1.457944959402084351e-01 9.577239430985774504e+01
1.455054142416403185e-01 1.461465060710906982e-01 9.575739393484836626e+01
1.467336152614810707e-01 1.504492014646530151e-01 9.558738968474212072e+01
1.470410046843076968e-01 1.470530778169631958e-01 9.571239280982024411e+01
1.436837050540082095e-01 1.486666053533554077e-01 9.578989474736869170e+01
1.433970981076029272e-01 1.497830450534820557e-01 9.557238930973274194e+01
1.443063064671777640e-01 1.484945416450500488e-01 9.558738968474212072e+01
1.433511776478204325e-01 1.533475816249847412e-01 9.553238830970774131e+01
1.437836905322844860e-01 1.453001350164413452e-01 9.573489337233431229e+01
1.432033021079492929e-01 1.498597264289855957e-01 9.560489012225306737e+01
1.433627956619677735e-01 1.510310173034667969e-01 9.557988949723743133e+01
1.539961896846239742e-01 1.444405019283294678e-01 9.584739618490462476e+01
1.439484015052952259e-01 1.454197913408279419e-01 9.576989424735617717e+01
1.430145864550479984e-01 1.452509164810180664e-01 9.579739493487336688e+01
1.431718742640228081e-01 2.005012482404708862e-01 9.322733068326708405e+01
1.469410610713359489e-01 1.470639258623123169e-01 9.575239380984524473e+01
1.451247793077000692e-01 1.520085930824279785e-01 9.558738968474212072e+01
1.438130243770030237e-01 1.460994482040405273e-01 9.576239405985150199e+01
1.420961359211064812e-01 1.439561694860458374e-01 9.580989524738117780e+01
1.427599452740856423e-01 1.442843973636627197e-01 9.583739593489836750e+01
1.420784411971638406e-01 1.491391509771347046e-01 9.571489287232181198e+01
1.431539694381251671e-01 1.455249935388565063e-01 9.580739518487962414e+01
1.436401390313590543e-01 1.566598713397979736e-01 9.520238005950149329e+01
1.438009600424142165e-01 1.449033170938491821e-01 9.584239605990150324e+01
1.418046667327927390e-01 1.489951014518737793e-01 9.559988999724993164e+01
1.439199213029420388e-01 1.453295499086380005e-01 9.567239180979524349e+01
1.424051687164051561e-01 1.527883410453796387e-01 9.523988099702492605e+01
1.438550130413570605e-01 1.509553343057632446e-01 9.555238880972024162e+01
1.426905617796578873e-01 1.563904434442520142e-01 9.526988174704366941e+01
1.435032205095353453e-01 1.513506621122360229e-01 9.546988674716867251e+01
1.417644922481821612e-01 1.442190855741500854e-01 9.583489587239681384e+01
1.415291646460569153e-01 1.429370343685150146e-01 9.589739743493586843e+01
1.437181513413716138e-01 1.466394364833831787e-01 9.561989049726243195e+01
1.402881830157856613e-01 1.510175317525863647e-01 9.542988574714368610e+01
1.451511441148287673e-01 1.436092406511306763e-01 9.587489687242181446e+01
1.418845086004380807e-01 1.516858935356140137e-01 9.524238105952649391e+01
1.424985991729749990e-01 1.440139263868331909e-01 9.582489562239055658e+01
1.435673862557667324e-01 1.626183688640594482e-01 9.490737268431711016e+01
1.436180253083558511e-01 1.485968977212905884e-01 9.574989374734369108e+01
1.400317081629420535e-01 1.507504135370254517e-01 9.549488737218429435e+01
1.402458315072177275e-01 1.457875370979309082e-01 9.563989099727493226e+01
1.402909791772499470e-01 1.491664946079254150e-01 9.547238680967024038e+01
1.452090563854606386e-01 1.560617685317993164e-01 9.510237755943899174e+01
1.412563220713001777e-01 1.492549031972885132e-01 9.554988874721868797e+01
1.407259330657598673e-01 1.430223733186721802e-01 9.585489637240931415e+01
1.435425685844831101e-01 1.437172144651412964e-01 9.590989774744367935e+01
1.409722030001721027e-01 1.430170238018035889e-01 9.590989774744367935e+01
1.408817557611885818e-01 1.420366019010543823e-01 9.594239855996400479e+01
1.401090077105585918e-01 1.432641595602035522e-01 9.578489462236555596e+01
1.401969023333534681e-01 1.425173133611679077e-01 9.593739843496086905e+01
1.415235180523222447e-01 1.469415128231048584e-01 9.554738868471712010e+01
1.394297508735033719e-01 1.539417654275894165e-01 9.522738068451711513e+01
1.402864423874407296e-01 1.495569348335266113e-01 9.535738393459836004e+01
1.412716409274993312e-01 1.414644420146942139e-01 9.586239655991400355e+01
1.398309763075511469e-01 1.515061408281326294e-01 9.542488562214055037e+01
1.404335906149601909e-01 1.440540105104446411e-01 9.588739718492962538e+01
1.390803898756515500e-01 1.428229957818984985e-01 9.585989649741243568e+01
1.416963821604479146e-01 1.425342708826065063e-01 9.582239555988898871e+01
1.406713003358651959e-01 1.449163407087326050e-01 9.587739693492338233e+01
1.405531872311948927e-01 1.415884047746658325e-01 9.592489812245305814e+01
1.444828965409608312e-01 1.500988900661468506e-01 9.528488212205304819e+01
1.411136434828232644e-01 1.467433422803878784e-01 9.549738743468586222e+01
1.412662373214193523e-01 1.439211964607238770e-01 9.584739618490462476e+01
1.403517288557641352e-01 1.628711223602294922e-01 9.487237180929523106e+01
1.402263172971218164e-01 1.435148715972900391e-01 9.572489312232805503e+01
1.411019818779349344e-01 1.570907980203628540e-01 9.508487712192804509e+01
1.390497439597652152e-01 1.548658311367034912e-01 9.523738093452335818e+01
1.402983320238361531e-01 1.425541937351226807e-01 9.591989799744993661e+01
1.386000030017688900e-01 1.520528048276901245e-01 9.538988474711868548e+01
1.394397100505180009e-01 1.434815078973770142e-01 9.578489462236555596e+01
1.399303259099637098e-01 1.513089239597320557e-01 9.547488687217180825e+01
1.401913247927511486e-01 1.576532572507858276e-01 9.511737793444837052e+01
1.410353775054507819e-01 1.463785618543624878e-01 9.557988949723743133e+01
1.389779185270673123e-01 1.440341919660568237e-01 9.576239405985150199e+01
1.409891106995702359e-01 1.681578308343887329e-01 9.476736918422960798e+01
1.393226501855533428e-01 1.486247926950454712e-01 9.558988974724368859e+01
1.392715180539383368e-01 1.458972394466400146e-01 9.572239305982648716e+01
1.414220891613743591e-01 1.417468041181564331e-01 9.574239355983900168e+01
1.396798263674031704e-01 1.451198607683181763e-01 9.566489162229055410e+01
1.397919262673537610e-01 1.417182683944702148e-01 9.581739543488588140e+01
1.380512550920809378e-01 1.405049264430999756e-01 9.589239730993274691e+01
1.383367758013125670e-01 1.474024802446365356e-01 9.581239530988274566e+01
1.387934876983794308e-01 1.440386921167373657e-01 9.588489712242805751e+01
1.385647347008762131e-01 1.401198357343673706e-01 9.587739693492338233e+01
1.384043464147980407e-01 1.442388594150543213e-01 9.589239730993274691e+01
1.385567860046839628e-01 1.554441750049591064e-01 9.516237905947649267e+01
1.414431668555098942e-01 1.531797200441360474e-01 9.540988524713117158e+01
1.379941920461833504e-01 1.407337635755538940e-01 9.588739718492962538e+01
1.387350198628733711e-01 1.535362303256988525e-01 9.538238455961398188e+01
1.396016941488620877e-01 1.406982094049453735e-01 9.594739868496712631e+01
1.401768036798523576e-01 1.710203438997268677e-01 9.475986899672491859e+01
1.419689037470981685e-01 1.508313864469528198e-01 9.546988674716867251e+01
1.392106643991935511e-01 1.402463465929031372e-01 9.587239680992024660e+01
1.374444008172824028e-01 1.493987739086151123e-01 9.552988824720618766e+01
1.393025154069172655e-01 1.507975757122039795e-01 9.530238255956399485e+01
1.381665701073866992e-01 1.475041210651397705e-01 9.559238980974524225e+01
1.375552395262883976e-01 1.618693917989730835e-01 9.508237705942647722e+01
1.422444292881835104e-01 1.410302519798278809e-01 9.599989999749993785e+01
1.374734584456657471e-01 1.397981792688369751e-01 9.590489762244057204e+01
1.371745233220574567e-01 1.412109285593032837e-01 9.591989799744993661e+01
1.361124832168105203e-01 1.397664397954940796e-01 9.588239705992648965e+01
1.363757388216120248e-01 1.433852016925811768e-01 9.579239480987024535e+01
1.366717671715621252e-01 1.425285190343856812e-01 9.569489237230929746e+01
1.382495415129066096e-01 1.401841193437576294e-01 9.581489537238431353e+01
1.366723307113265062e-01 1.396095454692840576e-01 9.591489787244681509e+01
1.377254975590959107e-01 1.438885778188705444e-01 9.582239555988898871e+01
1.373462302172464566e-01 1.461893171072006226e-01 9.552738818470461979e+01
1.416399454668315905e-01 1.434165984392166138e-01 9.586239655991400355e+01
1.370643220379517968e-01 1.473286151885986328e-01 9.552988824720618766e+01
1.362533716185960198e-01 1.403557807207107544e-01 9.590489762244057204e+01
1.384591689777057155e-01 1.461449861526489258e-01 9.569489237230929746e+01
1.372608300139779303e-01 1.401998400688171387e-01 9.583489587239681384e+01
1.364889245174193133e-01 1.397598683834075928e-01 9.593489837245931540e+01
1.377452582558800487e-01 1.403091996908187866e-01 9.585739643491086781e+01
1.360334889047400686e-01 1.524175256490707397e-01 9.534238355958899547e+01
1.397442251752873676e-01 1.378567963838577271e-01 9.594989874746869418e+01
1.375294537615698309e-01 1.451254487037658691e-01 9.575739393484836626e+01
1.383863709269013698e-01 1.404806375503540039e-01 9.586989674741867873e+01
1.375995356863052299e-01 1.395669728517532349e-01 9.587739693492338233e+01
1.381093559054669961e-01 1.562591046094894409e-01 9.515237880947023541e+01
1.365596293686333618e-01 1.403102725744247437e-01 9.577989449736243444e+01
1.378736900587218261e-01 1.434103846549987793e-01 9.586739668491712507e+01
1.387037516538764947e-01 1.409729570150375366e-01 9.593739843496086905e+01
1.384805566429143653e-01 1.440743952989578247e-01 9.584239605990150324e+01
1.362345374783776597e-01 1.398109346628189087e-01 9.591489787244681509e+01
1.388600027753930932e-01 1.450552940368652344e-01 9.573489337233431229e+01
1.369735643565664629e-01 1.390010565519332886e-01 9.588489712242805751e+01
1.355852688352235935e-01 1.379679590463638306e-01 9.592989824745619387e+01
1.359133436947969897e-01 1.384580582380294800e-01 9.596989924748118028e+01
1.365950009674445631e-01 1.416062414646148682e-01 9.591989799744993661e+01
1.360303285844543519e-01 1.698163747787475586e-01 9.458986474661867305e+01
1.387616467945897158e-01 1.376311033964157104e-01 9.601240031000774877e+01
1.361655016610799351e-01 1.378331780433654785e-01 9.607490187254681757e+01
1.371160173792099757e-01 1.392557322978973389e-01 9.581989549738743506e+01
1.366311524019384882e-01 1.403559893369674683e-01 9.591239780994524722e+01
1.382734489822584067e-01 1.376525312662124634e-01 9.602490062251555969e+01
1.388225023816526682e-01 1.384509205818176270e-01 9.597989949748743754e+01
1.371126995468971710e-01 1.431653201580047607e-01 9.570489262231556893e+01
1.354757444166292124e-01 1.465517133474349976e-01 9.564989124728117531e+01
1.379650749810548693e-01 1.403130739927291870e-01 9.600240006000150572e+01
1.365601122347241680e-01 1.521769315004348755e-01 9.524738118452961544e+01
1.358246036563204029e-01 1.453845947980880737e-01 9.555238880972024162e+01
1.415951820241622972e-01 1.409164965152740479e-01 9.596739918497962663e+01
1.359857755000783153e-01 1.418741196393966675e-01 9.586739668491712507e+01
1.343080910967621444e-01 1.389028877019882202e-01 9.586489662241555720e+01
1.392811601234055230e-01 1.378747820854187012e-01 9.589739743493586843e+01
1.386647813130215678e-01 1.534058749675750732e-01 9.535738393459836004e+01
1.361151339862404497e-01 1.397535651922225952e-01 9.581239530988274566e+01
1.363268004500467201e-01 1.453498005867004395e-01 9.569989249731243319e+01
1.366498291009286825e-01 1.530839949846267700e-01 9.533988349708742760e+01
1.382017214245091774e-01 1.460122764110565186e-01 9.560239005975149951e+01
1.370159107453543523e-01 1.636738479137420654e-01 9.480737018425460860e+01
1.400582487054653491e-01 1.413123905658721924e-01 9.587489687242181446e+01
1.344732333471900243e-01 1.498937010765075684e-01 9.557988949723743133e+01
1.363451079534910015e-01 1.439681649208068848e-01 9.567239180979524349e+01
1.356003212606284869e-01 1.539508700370788574e-01 9.522238055951397939e+01
1.379408217015998250e-01 1.630436182022094727e-01 9.478486962174054042e+01
1.367704322833251940e-01 1.486632823944091797e-01 9.541238530963273945e+01
1.432188754968213296e-01 1.401141732931137085e-01 9.582489562239055658e+01
1.351176564343943010e-01 1.365396976470947266e-01 9.594739868496712631e+01
1.339651363067223544e-01 1.451118141412734985e-01 9.562989074726868921e+01
1.358044422311107668e-01 1.377473473548889160e-01 9.597239930998274815e+01
1.353925922844501084e-01 1.656563133001327515e-01 9.476986924673116164e+01
1.374935153430381085e-01 1.467306017875671387e-01 9.558488962224055285e+01
1.369296133669511417e-01 1.457406431436538696e-01 9.564239105977650013e+01
1.355006126582914139e-01 1.372738778591156006e-01 9.594239855996400479e+01
1.403296153325358231e-01 1.393132507801055908e-01 9.585239630990774629e+01
1.339395406184267501e-01 1.365147083997726440e-01 9.605490137253431726e+01
1.364738091607460013e-01 1.378661841154098511e-01 9.602490062251555969e+01
1.364480043153684097e-01 1.409551948308944702e-01 9.582989574739369232e+01
1.346478424071520796e-01 1.557368040084838867e-01 9.534988374709368486e+01
1.408133040751244625e-01 1.360433250665664673e-01 9.599489987249680212e+01
1.356699213949389415e-01 1.416992396116256714e-01 9.572989324733119076e+01
1.345468319398773482e-01 1.386454254388809204e-01 9.600740018500462725e+01
1.350380591084433257e-01 1.490171849727630615e-01 9.551488787219680887e+01
1.367641111526176900e-01 1.439815759658813477e-01 9.568739218480462227e+01
1.353300498010663322e-01 1.454166769981384277e-01 9.542988574714368610e+01
1.340763540666624898e-01 1.392648816108703613e-01 9.587989699742493599e+01
1.340281023158003404e-01 1.360718160867691040e-01 9.591739793494838295e+01
1.348331322101566643e-01 1.445304900407791138e-01 9.566239155978900044e+01
1.357544035504986146e-01 1.454388648271560669e-01 9.547488687217180825e+01
1.369287391495506712e-01 1.356774270534515381e-01 9.609240231005775001e+01
1.349082652542343830e-01 1.550388634204864502e-01 9.508487712192804509e+01
1.348515321944715184e-01 1.501855105161666870e-01 9.530988274706867003e+01
1.333059366009517466e-01 1.370346695184707642e-01 9.593989849746243692e+01
1.359458923910830397e-01 1.488061994314193726e-01 9.556988924723117407e+01
1.358281905622740482e-01 1.393103301525115967e-01 9.575989399734993412e+01
1.373498364255254234e-01 1.711288094520568848e-01 9.453986349658741517e+01
1.382525384483112296e-01 1.358594000339508057e-01 9.601740043501088451e+01
1.338058833598239905e-01 1.718102246522903442e-01 9.450986274656865760e+01
1.395919399030756958e-01 1.422661840915679932e-01 9.583739593489836750e+01
1.357397368484663802e-01 1.377202421426773071e-01 9.606240156003900665e+01
1.376457066498736892e-01 1.455551832914352417e-01 9.565739143478586470e+01
1.363607976844247727e-01 1.354217827320098877e-01 9.598239955998899120e+01
1.341185251327335903e-01 1.375856697559356689e-01 9.600490012250307359e+01
1.340389435416801944e-01 1.487916707992553711e-01 9.551738793469837674e+01
1.352919776079292147e-01 1.348375976085662842e-01 9.601490037250931664e+01
1.325955795583580177e-01 1.442826539278030396e-01 9.559238980974524225e+01
1.341390655232036211e-01 1.380476653575897217e-01 9.595239880997024784e+01
1.373376456866612361e-01 1.349160969257354736e-01 9.602990074751869543e+01
1.346050324731261350e-01 1.443222314119338989e-01 9.571489287232181198e+01
1.333325708525754660e-01 1.353187412023544312e-01 9.600990024750618090e+01
1.341541300338443821e-01 1.420402973890304565e-01 9.575489387234681260e+01
1.347201255385888641e-01 1.457679420709609985e-01 9.546238655966399733e+01
1.339062697594770313e-01 1.405644565820693970e-01 9.593739843496086905e+01
1.341645366454807253e-01 1.346355676651000977e-01 9.603490087252181695e+01
1.363509749055640818e-01 1.353936195373535156e-01 9.610990274756868246e+01
1.358296384240749999e-01 1.347244083881378174e-01 9.610490262256557514e+01
1.340311566538024968e-01 1.367933452129364014e-01 9.592989824745619387e+01
1.350292161679078062e-01 1.414657682180404663e-01 9.564989124728117531e+01
1.324991133472894489e-01 1.362079977989196777e-01 9.613240331008275064e+01
1.340243791478572533e-01 1.709872931241989136e-01 9.456736418410460487e+01
1.390463726329671523e-01 1.385565549135208130e-01 9.597989949748743754e+01
1.342924462602463342e-01 1.484023183584213257e-01 9.548738718467961917e+01
1.349806989728128681e-01 1.366472244262695312e-01 9.594489862246555845e+01
1.346067171060832401e-01 1.583609730005264282e-01 9.490487262181555650e+01
1.363096625914229920e-01 1.380447745323181152e-01 9.594739868496712631e+01
1.345413874972913593e-01 1.503399163484573364e-01 9.526738168454211575e+01
1.347996386818010872e-01 1.390572041273117065e-01 9.582489562239055658e+01
1.360500828289820940e-01 1.379069089889526367e-01 9.578489462236555596e+01
1.330718984968961016e-01 1.373749822378158569e-01 9.595739893497336936e+01
1.373160888136349678e-01 1.428520530462265015e-01 9.575489387234681260e+01
1.336002319485051493e-01 1.355924308300018311e-01 9.607240181004524970e+01
1.344968207900565649e-01 1.346848160028457642e-01 9.613240331008275064e+01
1.333884670955585994e-01 1.449044048786163330e-01 9.565739143478586470e+01
1.338082236887789822e-01 1.417202949523925781e-01 9.584489612240305689e+01
1.324724507194067480e-01 1.384523361921310425e-01 9.588739718492962538e+01
1.403052006353970593e-01 1.357561051845550537e-01 9.599489987249680212e+01
1.334973950494118544e-01 1.430778652429580688e-01 9.573739343483586595e+01
1.339119869572724941e-01 1.558629274368286133e-01 9.505987649691242325e+01
1.341963738543007767e-01 1.657936722040176392e-01 9.469736743418584979e+01
1.355250635887439437e-01 1.354895979166030884e-01 9.600990024750618090e+01
1.345393806456558206e-01 1.365535557270050049e-01 9.591989799744993661e+01
1.349230573539522970e-01 1.361004561185836792e-01 9.597489937248431602e+01
1.312352809098652484e-01 1.414570659399032593e-01 9.557488937223430980e+01
1.334955811916591628e-01 1.381942480802536011e-01 9.587989699742493599e+01
1.326735605035044008e-01 1.363907158374786377e-01 9.593239830995774753e+01
1.348863442932103918e-01 1.378506869077682495e-01 9.590989774744367935e+01
1.324661551790132508e-01 1.359745562076568604e-01 9.607240181004524970e+01
1.323442882226012751e-01 1.361237168312072754e-01 9.590989774744367935e+01
1.330726626907240973e-01 1.483458280563354492e-01 9.544988624715617220e+01
1.363885270350507217e-01 1.341300606727600098e-01 9.610990274756868246e+01
1.319730736855718733e-01 1.407062262296676636e-01 9.566489162229055410e+01
1.314854137959738101e-01 1.422406435012817383e-01 9.575489387234681260e+01
1.321599795719519965e-01 1.385924369096755981e-01 9.586239655991400355e+01
1.330038139406677367e-01 1.410453766584396362e-01 9.560739018475462103e+01
1.347757333015690839e-01 1.445586681365966797e-01 9.559488987224679590e+01
1.367506266431358919e-01 1.516849398612976074e-01 9.529238230955773759e+01
1.386263630671552283e-01 1.509661078453063965e-01 9.541738543463587519e+01
1.354164417978465373e-01 1.481280326843261719e-01 9.549488737218429435e+01
1.350184595183062108e-01 1.353953629732131958e-01 9.615740393509837247e+01
1.332941777831084251e-01 1.419048309326171875e-01 9.567989199729993288e+01
1.332797504574388947e-01 1.434109061956405640e-01 9.556738918472962041e+01
1.344965728845273212e-01 1.383992135524749756e-01 9.588489712242805751e+01
1.314678207874447058e-01 1.352420896291732788e-01 9.606740168504212818e+01
1.334543545117482799e-01 1.464395076036453247e-01 9.539988499712492853e+01
1.354575126096792814e-01 1.346180588006973267e-01 9.598489962249055907e+01
1.327404638068997444e-01 1.411013305187225342e-01 9.574489362234055534e+01
1.320464971212281513e-01 1.427207738161087036e-01 9.561239030975774256e+01
1.341065607618938393e-01 1.337406784296035767e-01 9.607490187254681757e+01
1.336332330466981633e-01 1.444438844919204712e-01 9.566989174729367562e+01
1.348385460453318807e-01 1.342716068029403687e-01 9.601740043501088451e+01
1.322770635491034019e-01 1.569354981184005737e-01 9.506737668441711264e+01
1.342868769347885238e-01 1.452188193798065186e-01 9.561739043476087829e+01
1.331380884168132384e-01 1.363066732883453369e-01 9.590739768494212569e+01
1.331103555644750913e-01 1.514345556497573853e-01 9.541488537213430732e+01
1.326864950396166865e-01 1.609643101692199707e-01 9.485737143428585227e+01
1.370986069519237738e-01 1.338370144367218018e-01 9.598489962249055907e+01
1.320016910713596725e-01 1.331375837326049805e-01 9.614990374759369729e+01
1.336024255097840452e-01 1.333564072847366333e-01 9.602240056001399182e+01
1.332467884230098820e-01 1.386549919843673706e-01 9.574489362234055534e+01
1.316161407436533537e-01 1.411559134721755981e-01 9.556238905972649889e+01
1.310327593874531515e-01 1.344917863607406616e-01 9.594239855996400479e+01
1.341908659285959149e-01 1.332315355539321899e-01 9.605490137253431726e+01
1.325520386209538271e-01 1.361974626779556274e-01 9.601490037250931664e+01
1.332746417926354010e-01 1.365499645471572876e-01 9.581989549738743506e+01
1.317368140962029699e-01 1.467331647872924805e-01 9.556738918472962041e+01
1.343389611683487861e-01 1.477014869451522827e-01 9.549738743468586222e+01
1.369413276120013956e-01 1.456318497657775879e-01 9.562239055976398561e+01
1.319918380635533017e-01 1.413986086845397949e-01 9.566739168479212196e+01
1.317857058743345244e-01 1.359049081802368164e-01 9.590489762244057204e+01
1.313785368794702091e-01 1.414268463850021362e-01 9.560489012225306737e+01
1.321983052963909833e-01 1.588208973407745361e-01 9.488987224680617771e+01
1.319497629196665356e-01 1.377450376749038696e-01 9.584989624740617842e+01
1.346549367497298366e-01 1.446857452392578125e-01 9.546238655966399733e+01
1.340522350532750151e-01 1.334902942180633545e-01 9.603740093502337061e+01
1.327366279268718530e-01 1.395540535449981689e-01 9.578489462236555596e+01
1.348237768330389774e-01 1.517109274864196777e-01 9.530238255956399485e+01
1.363395428607389603e-01 1.345644444227218628e-01 9.595239880997024784e+01
1.343271366624584628e-01 1.376615464687347412e-01 9.579739493487336688e+01
1.310586630934041374e-01 1.523021906614303589e-01 9.530988274706867003e+01
1.340595782650629286e-01 1.347575485706329346e-01 9.604740118502962787e+01
1.350306135144170028e-01 1.628297716379165649e-01 9.477986949673741890e+01
1.337921728969519997e-01 1.347734183073043823e-01 9.599489987249680212e+01
1.316473287995616470e-01 1.384322792291641235e-01 9.600240006000150572e+01
1.328862851292204883e-01 1.358476281166076660e-01 9.602990074751869543e+01
1.317938191957254979e-01 1.505907475948333740e-01 9.536488412210304944e+01
1.316968865878459793e-01 1.375213861465454102e-01 9.589739743493586843e+01
1.307990451466195803e-01 1.356860250234603882e-01 9.596489912247805876e+01
1.309285678351342075e-01 1.353511363267898560e-01 9.604490112252806000e+01
1.300141463526957031e-01 1.364356726408004761e-01 9.591239780994524722e+01
1.305636829691223799e-01 1.340533345937728882e-01 9.599989999749993785e+01
1.302939766734020621e-01 1.345081478357315063e-01 9.608240206005149275e+01
1.321014194288812060e-01 1.353091448545455933e-01 9.597239930998274815e+01
1.309151534572959297e-01 1.513685286045074463e-01 9.529488237205929124e+01
