4.262480194097033603e+00 1.896203994750976562e+00 8.365209130228255674e+01
1.371536635837168117e+00 1.092768311500549316e+00 8.375459386484661195e+01
8.449092280890548867e-01 6.967103481292724609e-01 8.728468211705292390e+01
5.388598503033041887e-01 4.331189393997192383e-01 9.441236030900772391e+01
3.324436253859853752e-01 2.628605961799621582e-01 9.627240681017025281e+01
2.297348450874059922e-01 2.054711580276489258e-01 9.643741093527337682e+01
1.929387310221705731e-01 1.794200390577316284e-01 9.654991374784370350e+01
1.737045437737692877e-01 1.647753715515136719e-01 9.660491512287808291e+01
1.622504493887188537e-01 1.567579805850982666e-01 9.671491787294682752e+01
1.542017643259157578e-01 1.508650928735733032e-01 9.673741843546088148e+01
1.482987314421908009e-01 1.461544334888458252e-01 9.686242156053901908e+01
1.439778576979905966e-01 1.381369978189468384e-01 9.679741993549838242e+01
1.390175172205975196e-01 1.365590989589691162e-01 9.687492187304683000e+01
1.358252106000123749e-01 1.308598816394805908e-01 9.688492212305307305e+01
1.317852806099249485e-01 1.271027773618698120e-01 9.696742418560464216e+01
1.286782522977950871e-01 1.233520209789276123e-01 9.700742518562964278e+01
1.253774386687273590e-01 1.218972876667976379e-01 9.702992574814371096e+01
1.232100134003877023e-01 1.197853535413742065e-01 9.712492812320307678e+01
1.207339284430211657e-01 1.180629953742027283e-01 9.714242856071402343e+01
1.179160094354822635e-01 1.133347824215888977e-01 9.708242706067650829e+01
1.152515786093646077e-01 1.116889715194702148e-01 9.714742868571714496e+01
1.126856980233273270e-01 1.084830686450004578e-01 9.721743043576090315e+01
1.104678188068950878e-01 1.082763895392417908e-01 9.711742793569840160e+01
1.078405266336459889e-01 1.033386811614036560e-01 9.732743318582964775e+01
1.047705321243192073e-01 1.008703559637069702e-01 9.734743368584214807e+01
1.019012135136676545e-01 9.861505031585693359e-02 9.752743818595465086e+01
9.928158957485455627e-02 9.631163626909255981e-02 9.750243756093902903e+01
9.680788544311672017e-02 9.311584383249282837e-02 9.745243631090777114e+01
9.406676032902432094e-02 9.067588299512863159e-02 9.759243981099527332e+01
9.076565580168177716e-02 8.728371560573577881e-02 9.759743993599839484e+01
8.770919248858947970e-02 8.525826036930084229e-02 9.760244006100153058e+01
8.560242254449434984e-02 8.475323021411895752e-02 9.756493912347808362e+01
8.323876452344190768e-02 8.190929144620895386e-02 9.761244031100777363e+01
8.103707937128505623e-02 7.811379432678222656e-02 9.766244156103903151e+01
7.889373708719045475e-02 7.583412528038024902e-02 9.773994349858746489e+01
7.696796394996453794e-02 7.563406974077224731e-02 9.770994274856870732e+01
7.531787916256225957e-02 7.264564931392669678e-02 9.776244406110153307e+01
7.350232425270973591e-02 7.393083721399307251e-02 9.767744193604841030e+01
7.218402303169264844e-02 7.068780064582824707e-02 9.789244731118277798e+01
7.066889160680832338e-02 6.882984936237335205e-02 9.787244681117027767e+01
6.913951745633845070e-02 6.860291957855224609e-02 9.783994599864996644e+01
6.767611183479241288e-02 6.682863831520080566e-02 9.794994874871872526e+01
6.669365087649149759e-02 6.460750848054885864e-02 9.788244706117652072e+01
6.527009736612730817e-02 6.362394988536834717e-02 9.786494662366558828e+01
6.439818210843903379e-02 6.353008002042770386e-02 9.798494962374059014e+01
6.315174943940579655e-02 6.272035837173461914e-02 9.802245056126402289e+01
6.192356751111610658e-02 6.168447807431221008e-02 9.789994749868746737e+01
6.128212378061657917e-02 5.993489548563957214e-02 9.809495237380933474e+01
6.030144762021255600e-02 5.921503156423568726e-02 9.805745143628590199e+01
5.960876044682856395e-02 5.961524695158004761e-02 9.799494987374683319e+01
5.906474652178198698e-02 5.724597349762916565e-02 9.808495212380309169e+01
5.814893335803240915e-02 5.769104138016700745e-02 9.804495112377809107e+01
5.758503393050873331e-02 5.776739865541458130e-02 9.802495062376559076e+01
5.718522689904835532e-02 5.622746795415878296e-02 9.813245331133278171e+01
5.640239701673295525e-02 5.714775621891021729e-02 9.797994949873746862e+01
5.594595474548772623e-02 5.723156407475471497e-02 9.799244981124527953e+01
5.587616049122016287e-02 5.490080639719963074e-02 9.808995224880622743e+01
5.513086115969100670e-02 5.438500270247459412e-02 9.801495037375934771e+01
5.470454879624745553e-02 5.701204016804695129e-02 9.796994924873121136e+01
5.442970735990985270e-02 5.453534796833992004e-02 9.809245231130778109e+01
5.418739621130722051e-02 5.318386107683181763e-02 9.814745368634216049e+01
5.347816423797274038e-02 5.462412536144256592e-02 9.800745018625465832e+01
5.328886559071986662e-02 5.334575474262237549e-02 9.815745393634840354e+01
5.310236185051425695e-02 5.265114083886146545e-02 9.811245281132028140e+01
5.288575224366427741e-02 5.339512228965759277e-02 9.808495212380309169e+01
5.231129551234912217e-02 5.388803035020828247e-02 9.810745268631715987e+01
5.209616169458371193e-02 5.157336592674255371e-02 9.815745393634840354e+01
5.193755628216070730e-02 5.155028775334358215e-02 9.821495537388435082e+01
5.144398959095561330e-02 5.143594741821289062e-02 9.815245381134528202e+01
5.136558389303833017e-02 5.152028053998947144e-02 9.816495412385309294e+01
5.116576734663914189e-02 5.024530366063117981e-02 9.817745443636091807e+01
5.116523660413454383e-02 5.029085278511047363e-02 9.820995524888121508e+01
5.040188811961906351e-02 5.359164625406265259e-02 9.819995499887497203e+01
5.055904255212181203e-02 5.167990550398826599e-02 9.819245481137028264e+01
5.063059796655369760e-02 5.166979879140853882e-02 9.811245281132028140e+01
5.007161169325519134e-02 5.039909109473228455e-02 9.808245206130152383e+01
5.001856757276121335e-02 5.178334936499595642e-02 9.806495162379059138e+01
4.952946982259589376e-02 4.954081773757934570e-02 9.810745268631715987e+01
4.996646448664006368e-02 4.882094264030456543e-02 9.824995624890621571e+01
4.934188865770286481e-02 4.883918538689613342e-02 9.813745343633590323e+01
4.894826259163124332e-02 4.898593574762344360e-02 9.810495262381560622e+01
4.912453549074381753e-02 4.856908321380615234e-02 9.827745693642341962e+01
4.845100067960974449e-02 4.997930303215980530e-02 9.818745468636716112e+01
4.879887356480306498e-02 4.892579093575477600e-02 9.817245431135778233e+01
4.856064298725795703e-02 5.011055618524551392e-02 9.808745218630465956e+01
4.815727910401682715e-02 4.892538860440254211e-02 9.816745418635466081e+01
4.832191961806458352e-02 5.035745352506637573e-02 9.806245156128903773e+01
4.816254884992343666e-02 4.921104013919830322e-02 9.814245356133903897e+01
4.787776162535244823e-02 4.843185842037200928e-02 9.813995349883747110e+01
4.764206076742998064e-02 4.905888810753822327e-02 9.811995299882497079e+01
4.769029744605669807e-02 4.743457958102226257e-02 9.819245481137028264e+01
4.741266554068946509e-02 5.090911686420440674e-02 9.796494912372808983e+01
4.750959086244256613e-02 4.824458435177803040e-02 9.819245481137028264e+01
4.691536429107137640e-02 4.760367423295974731e-02 9.822745568639216174e+01
4.687943610682039630e-02 4.855232685804367065e-02 9.815245381134528202e+01
4.700660216662348040e-02 4.731795564293861389e-02 9.822245556138902600e+01
4.663031767169609904e-02 4.789927974343299866e-02 9.826245656141404083e+01
4.691502827422208699e-02 4.788200929760932922e-02 9.815745393634840354e+01
4.681463152669110978e-02 4.701302945613861084e-02 9.820745518637966143e+01
4.652533050201609205e-02 4.894871264696121216e-02 9.821245531138278295e+01
4.647296313804861329e-02 4.627667367458343506e-02 9.828995724893123054e+01
4.602510426607824695e-02 4.661889746785163879e-02 9.823245581139528326e+01
4.597466287581260941e-02 4.644360020756721497e-02 9.819745493637340417e+01
4.594092957403635158e-02 4.650434851646423340e-02 9.815745393634840354e+01
4.618582123953345053e-02 4.667483270168304443e-02 9.817495437385935020e+01
4.593235193503003577e-02 4.634794592857360840e-02 9.817745443636091807e+01
4.560421874082520866e-02 4.588451236486434937e-02 9.822995574889372961e+01
4.576799648641151352e-02 4.654525220394134521e-02 9.830245756143904146e+01
4.574681237227391090e-02 4.689910262823104858e-02 9.829995749893747359e+01
4.557321553987228602e-02 4.566606134176254272e-02 9.830745768644216298e+01
4.528169667839290757e-02 4.604924097657203674e-02 9.822995574889372961e+01
4.547761549636124279e-02 4.626374691724777222e-02 9.822245556138902600e+01
4.557308487315143986e-02 4.843098670244216919e-02 9.814495362384059263e+01
4.545548015976024619e-02 4.633593186736106873e-02 9.815495387384684989e+01
4.518876438377020938e-02 4.517979547381401062e-02 9.822245556138902600e+01
4.496388830987919916e-02 4.642875492572784424e-02 9.808495212380309169e+01
4.499794611070075112e-02 4.510600119829177856e-02 9.832995824895623116e+01
4.502808773811995541e-02 4.689880460500717163e-02 9.818995474886872898e+01
4.478264128265979638e-02 4.460817575454711914e-02 9.827495687392185175e+01
4.471092760103664160e-02 4.716972634196281433e-02 9.813745343633590323e+01
4.476626836160025463e-02 4.515961557626724243e-02 9.829745743643590572e+01
4.479269973531289223e-02 4.632775858044624329e-02 9.809995249881247048e+01
4.436868690725934844e-02 4.479733854532241821e-02 9.836495912397809604e+01
4.472451320334579206e-02 4.553017392754554749e-02 9.826495662391559449e+01
4.461742082755692368e-02 4.472168162465095520e-02 9.829245731143278419e+01
4.430870822043234125e-02 4.671044647693634033e-02 9.810745268631715987e+01
4.441871411222027277e-02 4.440221935510635376e-02 9.827495687392185175e+01
4.462123684356635728e-02 4.624534025788307190e-02 9.818995474886872898e+01
4.402907891885401992e-02 4.471713304519653320e-02 9.832745818645466329e+01
4.413449904831062698e-02 4.473090544342994690e-02 9.819495487387183630e+01
4.384870906350430558e-02 4.439703747630119324e-02 9.827245681142028388e+01
4.413068196550334887e-02 4.620029032230377197e-02 9.813495337383434958e+01
4.469957258314039006e-02 4.405070468783378601e-02 9.831995799894997390e+01
4.402462738130513004e-02 4.618578776717185974e-02 9.824245606140154052e+01
4.415860506279138675e-02 4.526584595441818237e-02 9.827495687392185175e+01
4.426919021763462553e-02 4.554294049739837646e-02 9.818245456136402538e+01
4.395379980561663763e-02 4.393165186047554016e-02 9.837495937398435331e+01
4.404549802734080560e-02 4.404946789145469666e-02 9.829995749893747359e+01
4.372985322058457053e-02 4.440084472298622131e-02 9.827495687392185175e+01
4.360556241723071574e-02 4.410508275032043457e-02 9.826745668641716236e+01
4.367112295260177496e-02 4.453519731760025024e-02 9.834495862396559573e+01
4.394791626941818574e-02 4.527918249368667603e-02 9.828745718642966267e+01
4.371005661522545105e-02 4.353096336126327515e-02 9.831245781144528451e+01
4.356823155521034885e-02 4.430108144879341125e-02 9.827245681142028388e+01
4.331378907527676236e-02 4.361218214035034180e-02 9.831245781144528451e+01
4.327573937276419508e-02 4.322753101587295532e-02 9.831995799894997390e+01
4.312884321290194611e-02 4.301867634057998657e-02 9.840496012400311088e+01
4.324841605848785825e-02 4.439881816506385803e-02 9.835245881147028513e+01
4.328859974958426671e-02 4.392361268401145935e-02 9.827995699892497328e+01
4.340948445593811184e-02 4.411354660987854004e-02 9.828245706142652693e+01
4.309678599383970354e-02 4.361449182033538818e-02 9.829495737393433785e+01
4.325651106170202292e-02 4.464926570653915405e-02 9.819245481137028264e+01
4.313041644829018056e-02 4.460177198052406311e-02 9.828745718642966267e+01
4.321313038840046000e-02 4.345409944653511047e-02 9.820495512387810777e+01
4.288495337276621022e-02 4.266817867755889893e-02 9.832495812395309542e+01
4.273943659171795112e-02 4.334679618477821350e-02 9.829745743643590572e+01
4.300176293853279902e-02 4.341078922152519226e-02 9.822995574889372961e+01
4.268375616051375832e-02 4.323596879839897156e-02 9.831495787394685237e+01
4.274668001969993136e-02 4.344014078378677368e-02 9.826995674891871602e+01
4.314170316459176729e-02 4.338807612657546997e-02 9.829745743643590572e+01
4.268725451998939963e-02 4.278643801808357239e-02 9.836245906147654239e+01
4.281734364392155573e-02 4.268121719360351562e-02 9.835495887397185300e+01
4.273312575188237955e-02 4.303263872861862183e-02 9.829745743643590572e+01
4.261675777334909127e-02 4.302684962749481201e-02 9.836745918647966391e+01
4.226826170915443104e-02 4.504505172371864319e-02 9.820995524888121508e+01
4.279963829777113510e-02 4.547671601176261902e-02 9.820495512387810777e+01
4.271690471291625379e-02 4.211307689547538757e-02 9.833995849896247421e+01
4.245125413467361331e-02 4.368937760591506958e-02 9.831495787394685237e+01
4.263084559367689291e-02 4.318620637059211731e-02 9.830245756143904146e+01
4.242608366078792076e-02 4.336957260966300964e-02 9.826245656141404083e+01
4.218679462169643013e-02 4.339809343218803406e-02 9.833495837395935268e+01
4.256490616104576657e-02 4.399941861629486084e-02 9.824245606140154052e+01
4.225680085067393815e-02 4.253486916422843933e-02 9.832745818645466329e+01
4.269144476935601840e-02 4.260458797216415405e-02 9.838245956148902849e+01
4.212519811706694900e-02 4.241275042295455933e-02 9.836495912397809604e+01
4.217477526317747055e-02 4.211704060435295105e-02 9.834245856146404208e+01
4.236766828614389052e-02 4.212504625320434570e-02 9.832745818645466329e+01
4.193099679164601773e-02 4.384766891598701477e-02 9.810745268631715987e+01
4.247095757675877631e-02 4.353380948305130005e-02 9.831745793644842024e+01
4.251481681605213947e-02 4.249188303947448730e-02 9.831245781144528451e+01
4.197249932002754258e-02 4.316736012697219849e-02 9.835495887397185300e+01
4.219129233641977922e-02 4.230605065822601318e-02 9.833745843646090634e+01
4.189770487217436140e-02 4.236441850662231445e-02 9.831245781144528451e+01
4.198039185102959980e-02 4.289509356021881104e-02 9.830995774894371664e+01
4.193258343114946579e-02 4.346034303307533264e-02 9.822995574889372961e+01
4.222670643755121328e-02 4.201689362525939941e-02 9.833745843646090634e+01
4.161531012689195785e-02 4.253260046243667603e-02 9.833495837395935268e+01
4.187227809717725818e-02 4.285691305994987488e-02 9.830995774894371664e+01
4.170571556574954181e-02 4.216329008340835571e-02 9.837745943648592117e+01
4.191300846874759095e-02 4.594797268509864807e-02 9.815995399884997141e+01
4.189959348260839656e-02 4.249871149659156799e-02 9.833245831145778482e+01
4.142333158035409191e-02 4.183091223239898682e-02 9.836495912397809604e+01
4.163368474940871977e-02 4.217150807380676270e-02 9.829495737393433785e+01
4.184885585185268986e-02 4.204539954662322998e-02 9.836495912397809604e+01
4.224321005938828227e-02 4.198850691318511963e-02 9.837245931148278544e+01
4.160119464537932743e-02 4.277328029274940491e-02 9.831745793644842024e+01
4.191798720317138627e-02 4.216638207435607910e-02 9.838245956148902849e+01
4.162768508516303395e-02 4.318970441818237305e-02 9.825245631140778357e+01
4.174112474923357546e-02 4.224093258380889893e-02 9.830245756143904146e+01
4.141335864779967235e-02 4.228971153497695923e-02 9.829245731143278419e+01
4.153853336456466566e-02 4.146895930171012878e-02 9.840996024900621819e+01
4.135810251466210535e-02 4.200934991240501404e-02 9.834495862396559573e+01
4.140172225469997830e-02 4.177734628319740295e-02 9.836745918647966391e+01
4.162777829757753623e-02 4.137954860925674438e-02 9.835495887397185300e+01
4.130957425622262119e-02 4.269734397530555725e-02 9.821745543638591869e+01
4.116210555302487334e-02 4.195833578705787659e-02 9.835245881147028513e+01
4.123714405651165288e-02 4.128577560186386108e-02 9.840246006150154301e+01
4.108590906740169219e-02 4.107034951448440552e-02 9.836995924898121757e+01
4.122499094557149912e-02 4.247453436255455017e-02 9.835245881147028513e+01
4.088658317354355171e-02 4.278413206338882446e-02 9.835745893647340665e+01
4.148097657289032819e-02 4.153801500797271729e-02 9.833995849896247421e+01
4.159198341890651268e-02 4.336657375097274780e-02 9.827995699892497328e+01
4.148571396735566130e-02 4.129509255290031433e-02 9.829495737393433785e+01
4.111826222241939111e-02 4.137006029486656189e-02 9.836495912397809604e+01
4.096105910335826050e-02 4.117596894502639771e-02 9.838745968649216422e+01
4.085486141111779879e-02 4.208182170987129211e-02 9.834995874896873147e+01
4.133610443891388292e-02 4.178237542510032654e-02 9.829995749893747359e+01
4.127814891471653924e-02 4.202139377593994141e-02 9.824995624890621571e+01
4.093419823799467755e-02 4.259756579995155334e-02 9.823745593639840479e+01
4.092703698585191396e-02 4.189525544643402100e-02 9.829745743643590572e+01
4.077330743923157641e-02 4.162293672561645508e-02 9.829245731143278419e+01
4.084932631478792320e-02 4.126417264342308044e-02 9.836995924898121757e+01
4.058397932814484382e-02 4.109473526477813721e-02 9.836495912397809604e+01
4.090377957536903142e-02 4.089445993304252625e-02 9.835495887397185300e+01
4.065014780130749017e-02 4.178816825151443481e-02 9.839995999899997514e+01
4.085709399197066244e-02 4.169889912009239197e-02 9.841496037400935393e+01
4.094098111155717451e-02 4.143727943301200867e-02 9.837245931148278544e+01
4.080117558734158711e-02 4.153211414813995361e-02 9.833245831145778482e+01
4.081254288893968601e-02 4.085564613342285156e-02 9.836745918647966391e+01
4.072620756325948804e-02 4.239321872591972351e-02 9.817995449886247172e+01
4.088802153648096044e-02 4.167470708489418030e-02 9.832245806145152756e+01
4.058646488192851204e-02 4.227047786116600037e-02 9.822995574889372961e+01
4.106389275871268757e-02 4.124782234430313110e-02 9.826995674891871602e+01
4.085810591754721055e-02 4.156242683529853821e-02 9.835745893647340665e+01
4.051164391166991313e-02 4.147342592477798462e-02 9.835995899897497452e+01
4.081808798466609461e-02 4.159682616591453552e-02 9.829995749893747359e+01
4.047949420983526503e-02 4.104750975966453552e-02 9.834995874896873147e+01
4.084736817437450290e-02 4.074678570032119751e-02 9.842996074901873271e+01
4.044618470435881741e-02 4.162650927901268005e-02 9.829245731143278419e+01
4.049933699479166260e-02 4.067979380488395691e-02 9.833245831145778482e+01
4.071828942017927805e-02 4.039843752980232239e-02 9.834245856146404208e+01
4.070751865589215812e-02 4.087563604116439819e-02 9.832995824895623116e+01
4.055430409821828702e-02 4.139218479394912720e-02 9.830245756143904146e+01
4.065791044512250679e-02 4.018200561404228210e-02 9.835745893647340665e+01
4.016893888743603563e-02 4.117466881871223450e-02 9.839745993649840727e+01
4.025870775093538106e-02 4.096787050366401672e-02 9.835245881147028513e+01
4.020204054518344838e-02 4.137293249368667603e-02 9.831995799894997390e+01
4.047466760343180342e-02 4.168478772044181824e-02 9.832495812395309542e+01
4.038704185102325039e-02 4.163075610995292664e-02 9.832745818645466329e+01
4.053286309443415725e-02 4.126608371734619141e-02 9.826745668641716236e+01
4.056885750243242189e-02 4.077915847301483154e-02 9.838245956148902849e+01
4.026161904563025501e-02 4.151444882154464722e-02 9.831495787394685237e+01
4.058134705724596170e-02 4.044053703546524048e-02 9.828745718642966267e+01
4.025903705337501026e-02 4.085325449705123901e-02 9.836995924898121757e+01
4.033740339080631870e-02 4.126709699630737305e-02 9.831245781144528451e+01
4.029766602266588588e-02 4.138098657131195068e-02 9.840746018650466453e+01
4.005897980773519274e-02 4.010050743818283081e-02 9.842996074901873271e+01
4.055128069888973286e-02 4.138633236289024353e-02 9.826245656141404083e+01
4.036191595856555847e-02 4.047977179288864136e-02 9.842746068651716485e+01
4.012157735438007938e-02 4.110800847411155701e-02 9.834245856146404208e+01
4.021877693119862290e-02 4.231186583638191223e-02 9.836745918647966391e+01
4.057563963894686432e-02 4.071350023150444031e-02 9.839495987399683941e+01
4.067555700210349207e-02 4.085272178053855896e-02 9.837995949898747483e+01
3.998289985508750310e-02 4.049899056553840637e-02 9.832745818645466329e+01
4.025053351003633068e-02 4.080844298005104065e-02 9.830495762394060932e+01
4.014443499525741088e-02 4.057868197560310364e-02 9.837745943648592117e+01
3.989756164326904719e-02 4.174539819359779358e-02 9.832495812395309542e+01
4.001636406958715420e-02 4.043330624699592590e-02 9.832995824895623116e+01
3.999752264927999845e-02 4.015242680907249451e-02 9.830745768644216298e+01
4.014938847312225778e-02 4.131253436207771301e-02 9.837995949898747483e+01
3.983586102394568590e-02 4.363124072551727295e-02 9.820995524888121508e+01
4.058806339112798478e-02 4.015653580427169800e-02 9.834245856146404208e+01
3.956209557212028716e-02 4.142022877931594849e-02 9.831745793644842024e+01
4.004382728550803794e-02 4.089619964361190796e-02 9.829995749893747359e+01
4.023066477822218739e-02 4.227101057767868042e-02 9.827495687392185175e+01
4.006852056599239514e-02 4.102304950356483459e-02 9.826745668641716236e+01
3.961716738128122361e-02 4.037646576762199402e-02 9.833745843646090634e+01
3.988531288913443884e-02 3.944494202733039856e-02 9.844496112402809729e+01
4.071433741478847068e-02 4.226596280932426453e-02 9.834745868646716360e+01
4.005658850146708028e-02 4.018586501479148865e-02 9.831745793644842024e+01
3.979318951256650971e-02 4.108874127268791199e-02 9.830245756143904146e+01
3.999487960087608207e-02 4.029149189591407776e-02 9.838995974899373209e+01
4.028481207154384347e-02 4.117678478360176086e-02 9.826745668641716236e+01
3.971397001972015034e-02 4.125159978866577148e-02 9.830745768644216298e+01
3.985949842131711329e-02 3.952052071690559387e-02 9.841496037400935393e+01
3.965656946717220632e-02 4.049441590905189514e-02 9.839245981149528575e+01
3.962245053112097015e-02 4.076336324214935303e-02 9.825995649891247297e+01
3.974262120852151137e-02 4.176041856408119202e-02 9.839995999899997514e+01
3.992808524870730680e-02 3.972736746072769165e-02 9.837495937398435331e+01
3.995930260518527899e-02 3.979850932955741882e-02 9.835245881147028513e+01
3.933897112219925107e-02 4.012521728873252869e-02 9.838245956148902849e+01
3.938235445310649119e-02 4.107759892940521240e-02 9.831495787394685237e+01
3.968821247156213011e-02 3.990366682410240173e-02 9.837495937398435331e+01
3.974642768411312810e-02 4.202555492520332336e-02 9.824995624890621571e+01
3.948721674273180521e-02 4.008542373776435852e-02 9.833995849896247421e+01
3.942400620465436045e-02 3.990205377340316772e-02 9.840996024900621819e+01
3.923532473535148307e-02 3.969329595565795898e-02 9.834995874896873147e+01
3.948652398051453322e-02 4.026424512267112732e-02 9.834995874896873147e+01
3.962142112585065323e-02 4.037548601627349854e-02 9.835245881147028513e+01
3.951096472545147925e-02 4.026406258344650269e-02 9.830995774894371664e+01
3.945405702619373539e-02 4.137083888053894043e-02 9.835745893647340665e+01
3.939462233182400991e-02 4.093045741319656372e-02 9.837245931148278544e+01
3.938417558341194419e-02 3.977382183074951172e-02 9.839745993649840727e+01
3.917154380136262520e-02 4.131206497550010681e-02 9.838495962399059636e+01
3.923618428110972611e-02 4.030886664986610413e-02 9.837245931148278544e+01
3.957950161179612375e-02 4.040858522057533264e-02 9.830245756143904146e+01
3.918906654086690838e-02 4.068020731210708618e-02 9.830245756143904146e+01
3.945710141051066155e-02 4.083988070487976074e-02 9.830245756143904146e+01
3.937955652425967346e-02 3.954171761870384216e-02 9.838745968649216422e+01
3.945889115618339549e-02 4.065534844994544983e-02 9.842246056151402911e+01
3.908889962780025262e-02 4.005478322505950928e-02 9.836995924898121757e+01
3.936710100222258479e-02 4.034336283802986145e-02 9.840496012400311088e+01
3.932447342261398415e-02 4.219902679324150085e-02 9.824995624890621571e+01
3.943319530659905592e-02 3.965442627668380737e-02 9.836745918647966391e+01
3.912140853243897820e-02 4.010596498847007751e-02 9.838745968649216422e+01
3.927315210917281529e-02 3.956501930952072144e-02 9.841246031150778606e+01
3.899863219524869751e-02 4.078789055347442627e-02 9.826745668641716236e+01
3.937994660366930799e-02 3.917486220598220825e-02 9.839995999899997514e+01
3.920348925016505642e-02 3.965356945991516113e-02 9.842246056151402911e+01
3.896336569755666501e-02 3.927864506840705872e-02 9.837495937398435331e+01
3.952143290175619272e-02 4.006770253181457520e-02 9.838995974899373209e+01
3.918727176058145467e-02 4.043607413768768311e-02 9.830245756143904146e+01
3.898906853860849980e-02 4.241065680980682373e-02 9.830995774894371664e+01
3.949773109332828380e-02 3.922786563634872437e-02 9.838495962399059636e+01
3.946265971453258997e-02 4.124683141708374023e-02 9.819745493637340417e+01
3.930207297407019296e-02 4.024397581815719604e-02 9.837745943648592117e+01
3.900249587621512637e-02 4.113628715276718140e-02 9.826245656141404083e+01
3.910431552248145454e-02 4.067230597138404846e-02 9.831245781144528451e+01
3.911519263893400988e-02 4.161136597394943237e-02 9.816495412385309294e+01
3.951748018961363795e-02 3.935653716325759888e-02 9.837745943648592117e+01
3.898031801387104311e-02 3.987130895256996155e-02 9.846246156153904394e+01
3.883820783456701231e-02 3.942983597517013550e-02 9.843496087402185424e+01
3.949910320453817875e-02 4.165177792310714722e-02 9.827495687392185175e+01
3.930823346572926563e-02 4.101914539933204651e-02 9.834245856146404208e+01
3.902060279134959841e-02 4.073997214436531067e-02 9.830745768644216298e+01
3.923956466809383481e-02 4.070729017257690430e-02 9.835245881147028513e+01
3.873282042911592449e-02 4.126085713505744934e-02 9.819245481137028264e+01
3.902558650721035804e-02 3.921341150999069214e-02 9.838745968649216422e+01
3.905446698992377785e-02 4.164856299757957458e-02 9.830495762394060932e+01
3.909230407083176539e-02 3.995064273476600647e-02 9.831245781144528451e+01
3.853957420410177720e-02 3.987931087613105774e-02 9.836995924898121757e+01
3.898299434553218618e-02 4.008612781763076782e-02 9.837495937398435331e+01
3.875793373576328499e-02 3.982562199234962463e-02 9.833995849896247421e+01
3.896639496613794190e-02 3.935172408819198608e-02 9.837995949898747483e+01
3.861741013502433678e-02 3.900533169507980347e-02 9.845246131153278668e+01
3.881783300696076827e-02 3.920985385775566101e-02 9.844996124903121881e+01
3.874928741484526956e-02 3.909745067358016968e-02 9.838995974899373209e+01
3.922863155781152605e-02 3.976429998874664307e-02 9.830745768644216298e+01
3.883462279257965388e-02 3.945975750684738159e-02 9.844496112402809729e+01
3.877129051748064853e-02 3.978308662772178650e-02 9.844746118652966516e+01
3.873153033570171655e-02 3.890667855739593506e-02 9.844246106152654363e+01
3.858941773660604785e-02 3.897950053215026855e-02 9.841496037400935393e+01
3.905081647931419458e-02 4.014537483453750610e-02 9.829745743643590572e+01
3.855859888015086834e-02 3.992889821529388428e-02 9.829245731143278419e+01
3.855609383655533157e-02 4.128350690007209778e-02 9.830495762394060932e+01
3.867896485650247629e-02 3.889246284961700439e-02 9.843996099902497576e+01
3.873369156860165946e-02 3.900938481092453003e-02 9.839745993649840727e+01
3.908229688624278997e-02 3.899752721190452576e-02 9.843996099902497576e+01
3.896630485350252582e-02 3.960228711366653442e-02 9.828495712392809480e+01
3.850409829838469938e-02 3.891018405556678772e-02 9.842246056151402911e+01
3.858684821074257615e-02 3.945402801036834717e-02 9.845996149903747607e+01
3.881264407108980796e-02 3.932035341858863831e-02 9.840746018650466453e+01
3.865670760201911360e-02 3.953527286648750305e-02 9.837745943648592117e+01
3.835443165935338572e-02 3.909472003579139709e-02 9.841996049901247545e+01
3.872834417755996461e-02 4.019301384687423706e-02 9.835995899897497452e+01
3.841570897479585495e-02 3.897487744688987732e-02 9.841996049901247545e+01
3.838649259489858301e-02 3.899312764406204224e-02 9.847746193654842273e+01
3.843292906002984677e-02 4.017109796404838562e-02 9.829745743643590572e+01
3.838415212064090476e-02 3.992675989866256714e-02 9.829745743643590572e+01
3.839288279499814688e-02 3.874607756733894348e-02 9.845496137403435455e+01
3.814288701658900133e-02 4.053192213177680969e-02 9.821995549888747234e+01
3.840081814049887965e-02 4.104317724704742432e-02 9.842246056151402911e+01
3.825824539627974835e-02 3.894391283392906189e-02 9.846496162404059760e+01
3.849570509225245379e-02 3.906977549195289612e-02 9.839745993649840727e+01
3.819798378429372504e-02 3.913952037692070007e-02 9.837245931148278544e+01
3.818758037787436249e-02 4.095214605331420898e-02 9.831995799894997390e+01
3.880289314593355493e-02 3.892089053988456726e-02 9.843246081152028637e+01
3.824202817202846522e-02 3.906825929880142212e-02 9.837995949898747483e+01
3.852138932210311117e-02 3.860405832529067993e-02 9.847246181154528699e+01
3.846849862994961705e-02 3.846321627497673035e-02 9.843246081152028637e+01
3.851524639701503494e-02 3.988220170140266418e-02 9.836495912397809604e+01
3.835078582189324625e-02 4.067770391702651978e-02 9.831245781144528451e+01
3.826622484970099158e-02 4.064892604947090149e-02 9.836245906147654239e+01
3.841870906745316339e-02 4.052007570862770081e-02 9.838495962399059636e+01
3.799753713723134224e-02 3.840901330113410950e-02 9.842746068651716485e+01
3.881393053612250399e-02 3.957828879356384277e-02 9.834245856146404208e+01
3.833370858973834255e-02 4.026389867067337036e-02 9.828995724893123054e+01
3.828627084223985844e-02 3.828267753124237061e-02 9.846996174904371912e+01
3.838000808667886565e-02 3.977062180638313293e-02 9.837495937398435331e+01
3.852395831257299230e-02 4.013524577021598816e-02 9.840996024900621819e+01
3.868874217938081395e-02 4.232412576675415039e-02 9.815995399884997141e+01
3.854200109635273069e-02 3.907788917422294617e-02 9.845996149903747607e+01
3.821266726313696932e-02 3.916922956705093384e-02 9.836745918647966391e+01
3.843556604979794789e-02 3.926452994346618652e-02 9.841496037400935393e+01
3.823813410742520763e-02 3.974239155650138855e-02 9.835745893647340665e+01
3.830498668586511390e-02 4.107876867055892944e-02 9.824995624890621571e+01
3.807179096167517124e-02 4.037461802363395691e-02 9.837495937398435331e+01
3.794145934949528370e-02 3.865041583776473999e-02 9.843496087402185424e+01
3.801319083962066692e-02 3.938510641455650330e-02 9.832495812395309542e+01
3.825987739703535367e-02 3.856128826737403870e-02 9.843746093652340790e+01
3.806112021370402360e-02 3.905890509486198425e-02 9.842496062401559698e+01
3.859542750411987938e-02 3.917979076504707336e-02 9.841746043651092180e+01
3.804412230533551348e-02 3.987972810864448547e-02 9.844496112402809729e+01
3.808237505993538469e-02 3.935744985938072205e-02 9.836745918647966391e+01
3.810004430313673057e-02 3.822572901844978333e-02 9.845246131153278668e+01
3.787879369083658326e-02 4.216366633772850037e-02 9.827995699892497328e+01
3.849134038079556758e-02 3.874677047133445740e-02 9.844746118652966516e+01
3.783830579381367715e-02 3.924429789185523987e-02 9.842246056151402911e+01
3.829857172091293005e-02 3.884331136941909790e-02 9.838995974899373209e+01
3.823779048484906434e-02 3.849435597658157349e-02 9.841496037400935393e+01
3.796312187407318434e-02 3.964392468333244324e-02 9.832995824895623116e+01
3.795271600227275582e-02 3.902492299675941467e-02 9.835745893647340665e+01
3.804721255160786048e-02 3.858671337366104126e-02 9.843246081152028637e+01
3.755448367309380947e-02 3.878215327858924866e-02 9.845496137403435455e+01
3.803932184132930577e-02 3.927621990442276001e-02 9.843496087402185424e+01
3.798797777368501105e-02 3.919474035501480103e-02 9.835745893647340665e+01
3.815936481872859998e-02 3.905775770545005798e-02 9.842496062401559698e+01
3.811648871428629376e-02 3.998827189207077026e-02 9.824995624890621571e+01
3.839433752443842385e-02 3.924680501222610474e-02 9.834745868646716360e+01
3.795412081013545963e-02 3.903769701719284058e-02 9.838495962399059636e+01
3.831033126834661184e-02 4.090535640716552734e-02 9.821245531138278295e+01
3.830168875089174502e-02 3.823461756110191345e-02 9.836495912397809604e+01
3.797538259059281968e-02 3.980315476655960083e-02 9.840496012400311088e+01
3.800275118317678752e-02 3.828088566660881042e-02 9.843496087402185424e+01
3.789353405531856178e-02 3.906277567148208618e-02 9.831745793644842024e+01
3.760274332040736828e-02 4.055814445018768311e-02 9.829995749893747359e+01
3.824560771020184963e-02 3.930977359414100647e-02 9.844996124903121881e+01
3.782957202201810143e-02 3.875248134136199951e-02 9.842996074901873271e+01
3.806867559165014181e-02 3.900294750928878784e-02 9.841246031150778606e+01
3.777024171071961811e-02 3.866696730256080627e-02 9.841746043651092180e+01
3.783746639365043879e-02 3.840244188904762268e-02 9.846496162404059760e+01
3.792869843875087271e-02 3.897737339138984680e-02 9.835245881147028513e+01
3.796827457172816112e-02 3.836134448647499084e-02 9.843996099902497576e+01
3.802819283112420651e-02 3.869038820266723633e-02 9.842496062401559698e+01
3.797893975567842584e-02 3.871015459299087524e-02 9.844996124903121881e+01
3.744908281211654921e-02 3.898299857974052429e-02 9.831745793644842024e+01
3.779625385032957946e-02 3.829342499375343323e-02 9.843496087402185424e+01
3.788316290133737774e-02 3.944316133856773376e-02 9.835995899897497452e+01
3.788318950889478509e-02 3.887129947543144226e-02 9.845496137403435455e+01
3.781285420789456952e-02 3.945915773510932922e-02 9.836495912397809604e+01
3.786944810527841793e-02 3.897158429026603699e-02 9.837495937398435331e+01
3.793701900660571141e-02 3.915113583207130432e-02 9.841496037400935393e+01
3.751532786896707300e-02 3.883649781346321106e-02 9.837745943648592117e+01
3.805649095103828122e-02 4.006960988044738770e-02 9.832245806145152756e+01
3.769894619085466941e-02 3.819219022989273071e-02 9.848496212405309791e+01
3.780649781458821079e-02 4.438677802681922913e-02 9.804495112377809107e+01
3.757632454256402271e-02 3.889796510338783264e-02 9.841746043651092180e+01
3.803399387229609852e-02 3.949553519487380981e-02 9.839995999899997514e+01
3.770863775984555077e-02 3.871088474988937378e-02 9.847496187404685486e+01
3.759554528348749147e-02 3.834166750311851501e-02 9.846496162404059760e+01
3.796562274780579394e-02 3.932347521185874939e-02 9.834995874896873147e+01
3.740557791238269258e-02 3.846169635653495789e-02 9.840746018650466453e+01
3.771482960213953101e-02 3.790020942687988281e-02 9.851996299907497701e+01
3.755381773616081609e-02 3.833913430571556091e-02 9.848996224905623365e+01
3.769182424437392265e-02 3.840931132435798645e-02 9.841746043651092180e+01
3.723783217097674514e-02 3.995221853256225586e-02 9.825495637390935144e+01
3.826308531903965110e-02 3.862262889742851257e-02 9.838495962399059636e+01
3.801875218048043209e-02 3.952984511852264404e-02 9.838495962399059636e+01
3.764732606275487947e-02 3.956197947263717651e-02 9.841746043651092180e+01
3.765292391103587655e-02 3.871243074536323547e-02 9.839995999899997514e+01
3.762816533525791679e-02 3.928117081522941589e-02 9.843996099902497576e+01
3.761502104724284701e-02 3.858732804656028748e-02 9.847496187404685486e+01
3.796740930846547596e-02 3.853668645024299622e-02 9.842746068651716485e+01
3.770902014136958552e-02 3.941124305129051208e-02 9.838745968649216422e+01
3.738584585898308693e-02 3.772362321615219116e-02 9.850746268656716609e+01
3.734986297390972126e-02 3.888184577226638794e-02 9.840246006150154301e+01
3.800952305422038852e-02 3.945584595203399658e-02 9.831745793644842024e+01
3.761351151764123074e-02 3.862244263291358948e-02 9.838995974899373209e+01
3.765737066349154200e-02 3.815862536430358887e-02 9.845996149903747607e+01
3.746088738240332949e-02 3.892804309725761414e-02 9.845746143653590821e+01
3.770811979457021346e-02 3.807501867413520813e-02 9.843496087402185424e+01
3.744450418184151058e-02 3.803344443440437317e-02 9.841246031150778606e+01
3.744379750315698224e-02 4.019084572792053223e-02 9.839495987399683941e+01
3.771872761638351418e-02 3.959714248776435852e-02 9.836745918647966391e+01
3.750800296892523727e-02 3.934743627905845642e-02 9.843746093652340790e+01
3.768163365538883258e-02 3.812390938401222229e-02 9.842996074901873271e+01
3.770320508708347590e-02 3.850420191884040833e-02 9.841246031150778606e+01
3.774144850952925595e-02 3.936016187071800232e-02 9.840996024900621819e+01
3.771989323467152266e-02 3.788120299577713013e-02 9.846246156153904394e+01
3.737193287324629132e-02 3.876498714089393616e-02 9.845496137403435455e+01
3.733088738630092190e-02 3.816204518079757690e-02 9.848496212405309791e+01
3.769041916248071916e-02 3.790540993213653564e-02 9.847746193654842273e+01
3.748443798252165671e-02 3.850502893328666687e-02 9.840496012400311088e+01
3.729457384380660545e-02 3.973764553666114807e-02 9.839745993649840727e+01
3.791060442476566067e-02 3.947283700108528137e-02 9.841996049901247545e+01
3.785582355359751877e-02 3.833150863647460938e-02 9.845246131153278668e+01
3.784647340012140676e-02 3.968260064721107483e-02 9.831745793644842024e+01
3.772753035391647469e-02 3.793830052018165588e-02 9.845246131153278668e+01
3.745620334861053669e-02 3.850368037819862366e-02 9.836995924898121757e+01
3.759509218149555132e-02 3.912439197301864624e-02 9.840996024900621819e+01
3.730307166485440779e-02 3.840262815356254578e-02 9.833995849896247421e+01
3.729825224770814962e-02 3.854886069893836975e-02 9.844996124903121881e+01
3.745143681211093173e-02 3.887434303760528564e-02 9.846996174904371912e+01
3.713349198527004374e-02 3.894243389368057251e-02 9.841496037400935393e+01
3.748135729249083697e-02 4.067650437355041504e-02 9.825245631140778357e+01
3.741022808787576592e-02 3.861184790730476379e-02 9.842246056151402911e+01
3.724240330984508740e-02 3.809649869799613953e-02 9.848996224905623365e+01
3.741331289903561397e-02 3.875506296753883362e-02 9.843996099902497576e+01
3.722433021193678748e-02 3.859573602676391602e-02 9.847746193654842273e+01
3.733085829987644461e-02 3.807875141501426697e-02 9.849246231155778730e+01
