6.048338469233665471e+00 9.331204295158386230e-01 8.402960074001849478e+01
6.829563877418201034e-01 5.347211956977844238e-01 8.630965774144353020e+01
4.992434707658121584e-01 4.726989865303039551e-01 8.537713442836071920e+01
4.624493334843378656e-01 4.529708325862884521e-01 8.675466886672165856e+01
4.460022504065775939e-01 4.444113969802856445e-01 8.688467211680291769e+01
4.339004556297984538e-01 4.301390647888183594e-01 8.647716192904823629e+01
4.235192973523934090e-01 4.220617115497589111e-01 8.670716767919198276e+01
4.168158001617671693e-01 4.182634949684143066e-01 8.692717317932948617e+01
4.116142919127573352e-01 4.117324650287628174e-01 8.728718217955449177e+01
4.064843706693174741e-01 4.090619981288909912e-01 8.770219255481387677e+01
4.026447542940214119e-01 3.998399972915649414e-01 8.803970099252481418e+01
3.982434737439157213e-01 3.971832096576690674e-01 8.816720418010450544e+01
3.950005284361664537e-01 3.943167030811309814e-01 8.822970574264357424e+01
3.915644975691461305e-01 3.929870128631591797e-01 8.839970999274981978e+01
3.893304329988356294e-01 3.890798985958099365e-01 8.827720693017326425e+01
3.865761601177056805e-01 3.860549926757812500e-01 8.827470686767169639e+01
3.839952902842668214e-01 3.850267529487609863e-01 8.839970999274981978e+01
3.815457245785844886e-01 3.841059803962707520e-01 8.856721418035451165e+01
3.800128937021734488e-01 3.798116147518157959e-01 8.857471436785920105e+01
3.780388515593599563e-01 3.811605572700500488e-01 8.793469836745919110e+01
3.775433506917789672e-01 3.768999576568603516e-01 8.846221155528888858e+01
3.749632121794660433e-01 3.762248754501342773e-01 8.853471336783420043e+01
3.739879238875841727e-01 3.769287467002868652e-01 8.839470986774668404e+01
3.722748971883257929e-01 3.739629983901977539e-01 8.847471186779669949e+01
3.702000858292716634e-01 3.721750974655151367e-01 8.847221180529513163e+01
3.687748857040282768e-01 3.695213198661804199e-01 8.859471486787168715e+01
3.676213761440538796e-01 3.674150407314300537e-01 8.873721843046075719e+01
3.662870895635822466e-01 3.664925694465637207e-01 8.889972249306232754e+01
3.654499546367828144e-01 3.720506727695465088e-01 8.855221380534513287e+01
3.641761471100590786e-01 3.727154731750488281e-01 8.866221655541389168e+01
3.628678034686881326e-01 3.660800457000732422e-01 8.873221830545763567e+01
3.620445353616508211e-01 3.619281351566314697e-01 8.875971899297482537e+01
3.606742933971709975e-01 3.627801239490509033e-01 8.880472011800296173e+01
3.593113747177478223e-01 3.666550517082214355e-01 8.867971699292482413e+01
3.588979057249384597e-01 3.602221906185150146e-01 8.887972199304982723e+01
3.571005252461337265e-01 3.572089970111846924e-01 8.891722293057327420e+01
3.561451807041481343e-01 3.615724146366119385e-01 8.876971924298106842e+01
3.550670730654227336e-01 3.570869266986846924e-01 8.876471911797794689e+01
3.542833886455981074e-01 3.540295660495758057e-01 8.900222505562639697e+01
3.532989544060679554e-01 3.538056612014770508e-01 8.924473111827795435e+01
3.523734861853497491e-01 3.523581624031066895e-01 8.911722793069827731e+01
3.508824772744488785e-01 3.540107905864715576e-01 8.879971999299982599e+01
3.505617466486407041e-01 3.546554148197174072e-01 8.878721968049201507e+01
3.492069346117151474e-01 3.501837849617004395e-01 8.900722518062951849e+01
3.483053976891241077e-01 3.509927988052368164e-01 8.880472011800296173e+01
3.484811314609965738e-01 3.500789105892181396e-01 8.880222005550139386e+01
3.470937691234473599e-01 3.502401709556579590e-01 8.880472011800296173e+01
3.468306496378912862e-01 3.491544425487518311e-01 8.884472111802794814e+01
3.450508651268009985e-01 3.461409807205200195e-01 8.913972849321233127e+01
3.452353513161894316e-01 3.487466573715209961e-01 8.899972499312482910e+01
3.438630987275459461e-01 3.440065383911132812e-01 8.908972724318108760e+01
3.426998354989401196e-01 3.454720079898834229e-01 8.888472211805294876e+01
3.437082609886357165e-01 3.435093760490417480e-01 8.922473061826545404e+01
3.427606489221776687e-01 3.455139100551605225e-01 8.885222130553263753e+01
3.411906472127193557e-01 3.423676788806915283e-01 8.908222705567638400e+01
3.404353306788618361e-01 3.415068984031677246e-01 8.927973199329983345e+01
3.395797741608804765e-01 3.408673703670501709e-01 8.914972874321858853e+01
3.403782313350182664e-01 3.412812352180480957e-01 8.907722693067327668e+01
3.384466159042833211e-01 3.413626253604888916e-01 8.904472611815295124e+01
3.381585191001353352e-01 3.425189554691314697e-01 8.891722293057327420e+01
3.373571829087571583e-01 3.376184999942779541e-01 8.924723118077952222e+01
3.361886053988339396e-01 3.371705412864685059e-01 8.929723243081076589e+01
3.363072790513325638e-01 3.402608931064605713e-01 8.890722268056701694e+01
3.353862987755321101e-01 3.383195400238037109e-01 8.904222605565139759e+01
3.348611714950923135e-01 3.377650976181030273e-01 8.915472886822171006e+01
3.344442268966910103e-01 3.407162725925445557e-01 8.899472486812169336e+01
3.355163788483442877e-01 3.399675488471984863e-01 8.902972574314358667e+01
3.340581329329115334e-01 3.402379751205444336e-01 8.899222480562013970e+01
3.335961845063858955e-01 3.357336223125457764e-01 8.941473536838421410e+01
3.327651477714026473e-01 3.352898657321929932e-01 8.926473161829045466e+01
3.318912134633753563e-01 3.333262503147125244e-01 8.919222980574514281e+01
3.315215685524052214e-01 3.318319618701934814e-01 8.939223480587014592e+01
3.310891532724594133e-01 3.353174626827239990e-01 8.905222630565764064e+01
3.305574574299587898e-01 3.321403264999389648e-01 8.924723118077952222e+01
3.304691174160403477e-01 3.345869183540344238e-01 8.918222955573888555e+01
3.298867588701065445e-01 3.327666223049163818e-01 8.915472886822171006e+01
3.288329932913067188e-01 3.297794163227081299e-01 8.938223455586388866e+01
3.284011660666026899e-01 3.292658925056457520e-01 8.937973449336233500e+01
3.280285791641746607e-01 3.299323618412017822e-01 8.936723418085452408e+01
3.278695241459360643e-01 3.339543938636779785e-01 8.899972499312482910e+01
3.275022243784521114e-01 3.336561322212219238e-01 8.905722643066076216e+01
3.272457045093664640e-01 3.274519741535186768e-01 8.937973449336233500e+01
3.264825191513466285e-01 3.281626403331756592e-01 8.907222680567014095e+01
3.256028402860298154e-01 3.260682523250579834e-01 8.960724018100452781e+01
3.254951465134824917e-01 3.260903954505920410e-01 8.943223580589514654e+01
3.252065843795260980e-01 3.339508771896362305e-01 8.899972499312482910e+01
3.255235478149043904e-01 3.276260495185852051e-01 8.947223680592014716e+01
3.247077911050996746e-01 3.455862700939178467e-01 8.864971624290606655e+01
3.256025039028234147e-01 3.280378878116607666e-01 8.890972274306857059e+01
3.248504575291198404e-01 3.263227641582489014e-01 8.960224005600140629e+01
3.231865486364914886e-01 3.245796263217926025e-01 8.919222980574514281e+01
3.221893086059956501e-01 3.297266960144042969e-01 8.928973224330609071e+01
3.232273780387101003e-01 3.278300762176513672e-01 8.906222655566389790e+01
3.218568188734832192e-01 3.238053619861602783e-01 8.949223730593264747e+01
3.224613330753756113e-01 3.233572542667388916e-01 8.928473211830295497e+01
3.212936583034795013e-01 3.233694732189178467e-01 8.938473461836545653e+01
3.215004501619156407e-01 3.236333727836608887e-01 8.941223530588264623e+01
3.210705271491463564e-01 3.239793777465820312e-01 8.937973449336233500e+01
3.213236774226272963e-01 3.235606253147125244e-01 8.929473236830919802e+01
3.207884014822930951e-01 3.222275376319885254e-01 8.920973024325607525e+01
3.198176303910801321e-01 3.233128488063812256e-01 8.899722493062326123e+01
3.201888034880357448e-01 3.284141719341278076e-01 8.919972999324983221e+01
3.208672842419994509e-01 3.217363655567169189e-01 8.959223980599514903e+01
3.187171279821175984e-01 3.205639123916625977e-01 8.944473611840295746e+01
3.190603301883855325e-01 3.241438567638397217e-01 8.920973024325607525e+01
3.183131489795403279e-01 3.225283324718475342e-01 8.950973774344357992e+01
3.184232933873669125e-01 3.208499252796173096e-01 8.953973849346233749e+01
3.182583677687198520e-01 3.200218081474304199e-01 8.954973874346859475e+01
3.182259486669757886e-01 3.196231722831726074e-01 8.933723343083576651e+01
3.176944474038934096e-01 3.183099031448364258e-01 8.953473836845921596e+01
3.174380001722991729e-01 3.286450207233428955e-01 8.900722518062951849e+01
3.183511960550884923e-01 3.221087455749511719e-01 8.950723768094202626e+01
3.164751035169878768e-01 3.188277184963226318e-01 8.948723718092952595e+01
3.165460633791861156e-01 3.180412650108337402e-01 8.940223505587640318e+01
3.157328464622400910e-01 3.204251527786254883e-01 8.944473611840295746e+01
3.159536223879766959e-01 3.177885413169860840e-01 8.937973449336233500e+01
3.173792799478457605e-01 3.227789103984832764e-01 8.927973199329983345e+01
3.162850442929288630e-01 3.350672721862792969e-01 8.893472336808420664e+01
3.168860475444543745e-01 3.171703219413757324e-01 8.947473686842171503e+01
3.146285232044850333e-01 3.171630203723907471e-01 8.944723618090452533e+01
3.153916159637213945e-01 3.209434747695922852e-01 8.908722718067951973e+01
3.151740369484217763e-01 3.167106211185455322e-01 8.965974149353733935e+01
3.149160785328159462e-01 3.252999484539031982e-01 8.906972674316857308e+01
3.153712243253851688e-01 3.288677334785461426e-01 8.917972949323733189e+01
3.163021221131928629e-01 3.181900978088378906e-01 8.907222680567014095e+01
3.138221247741680986e-01 3.171856105327606201e-01 8.958473961849045963e+01
3.149860809036251763e-01 3.207502663135528564e-01 8.924723118077952222e+01
3.136429234410988420e-01 3.152217864990234375e-01 8.953223830595764809e+01
3.133668122899913588e-01 3.156432211399078369e-01 8.947223680592014716e+01
3.131631327019927524e-01 3.236362040042877197e-01 8.900222505562639697e+01
3.141063024150458904e-01 3.156806826591491699e-01 8.961224030600764934e+01
3.120184327762507981e-01 3.224518895149230957e-01 8.926973174329357619e+01
3.130309066964227505e-01 3.139765858650207520e-01 8.966474161854046088e+01
3.123114101911939611e-01 3.178439140319824219e-01 8.932223305582638773e+01
3.117018853791104771e-01 3.131383359432220459e-01 8.966224155603890722e+01
3.114319146386809178e-01 3.166049420833587646e-01 8.946223655591390411e+01
3.114359473198062278e-01 3.163438439369201660e-01 8.917222930573264250e+01
3.135968956799318197e-01 3.132909238338470459e-01 8.959723993099827055e+01
3.123628045537908404e-01 3.151527643203735352e-01 8.947723693092328290e+01
3.110817447264329627e-01 3.228114545345306396e-01 8.924223105577640069e+01
3.121341372371206901e-01 3.172223269939422607e-01 8.938973474336859226e+01
3.118317964675259013e-01 3.143555521965026855e-01 8.948973724343109382e+01
3.107338958018684982e-01 3.121782839298248291e-01 8.968224205605139332e+01
3.104228729484264648e-01 3.199315667152404785e-01 8.907472686817170882e+01
3.099244670127139223e-01 3.156744837760925293e-01 8.955473886847171627e+01
3.105198073253483404e-01 3.123751580715179443e-01 8.960224005600140629e+01
3.095215019176828508e-01 3.140462934970855713e-01 8.950223755593890473e+01
3.097610770488165022e-01 3.137414455413818359e-01 8.946223655591390411e+01
3.111897116923187379e-01 3.252768218517303467e-01 8.932223305582638773e+01
3.100733967528294110e-01 3.184605836868286133e-01 8.898722468061701818e+01
3.098011871291077579e-01 3.133880794048309326e-01 8.946473661841545777e+01
3.099302766489414607e-01 3.129799067974090576e-01 8.963724093102327117e+01
3.089861554668990595e-01 3.110851347446441650e-01 8.937973449336233500e+01
3.092063954656522062e-01 3.205029368400573730e-01 8.944973624340607898e+01
3.103714636366495250e-01 3.279493749141693115e-01 8.857471436785920105e+01
3.114017526849950368e-01 3.260695636272430420e-01 8.918972974324358916e+01
3.093771736498296954e-01 3.196520209312438965e-01 8.898972474311858605e+01
3.092946585893871503e-01 3.113058805465698242e-01 8.953973849346233749e+01
3.081626272526017951e-01 3.142141103744506836e-01 8.929473236830919802e+01
3.089552375008260965e-01 3.231483995914459229e-01 8.925973149328733314e+01
3.099722245764114925e-01 3.112908005714416504e-01 8.950473761844047260e+01
3.086626457316242189e-01 3.105709850788116455e-01 8.919222980574514281e+01
3.075866704302691601e-01 3.130284249782562256e-01 8.925973149328733314e+01
3.073570241251279422e-01 3.128296434879302979e-01 8.953973849346233749e+01
3.070063456124188517e-01 3.163514137268066406e-01 8.953723843096076962e+01
3.086492194289583435e-01 3.097704350948333740e-01 8.956223905597640567e+01
3.069453333722769739e-01 3.095838427543640137e-01 8.916472911822795311e+01
3.067700664537335586e-01 3.082921206951141357e-01 8.969974249356233997e+01
3.070645451827884176e-01 3.122316896915435791e-01 8.958973974349359537e+01
3.063453413888947985e-01 3.134983479976654053e-01 8.940723518087952471e+01
3.058182917354489994e-01 3.133390843868255615e-01 8.917222930573264250e+01
3.063238779214674246e-01 3.068508505821228027e-01 8.968974224355609692e+01
3.061177935956624907e-01 3.213207423686981201e-01 8.877221930548263629e+01
3.063607031379131374e-01 3.077809810638427734e-01 8.966474161854046088e+01
3.067198261869976683e-01 3.089956641197204590e-01 8.923223080577014343e+01
3.053442945649874063e-01 3.081587255001068115e-01 8.943223580589514654e+01
3.050231895858657727e-01 3.082022964954376221e-01 8.958473961849045963e+01
3.051835197024368451e-01 3.114488422870635986e-01 8.949223730593264747e+01
3.047541352205151988e-01 3.070611953735351562e-01 8.966474161854046088e+01
3.052228647410665241e-01 3.071282804012298584e-01 8.950973774344357992e+01
3.055212973639719332e-01 3.121642470359802246e-01 8.945723643091076838e+01
3.043225126184419538e-01 3.058903515338897705e-01 8.937973449336233500e+01
3.048252727140420837e-01 3.094437122344970703e-01 8.974974374359359786e+01
3.047793725336472304e-01 3.071171641349792480e-01 8.940223505587640318e+01
3.041004449123882458e-01 3.064457476139068604e-01 8.952723818095452657e+01
3.060727932740973101e-01 3.198452889919281006e-01 8.899722493062326123e+01
3.044995859069093425e-01 3.071776032447814941e-01 8.947473686842171503e+01
3.042026733805577865e-01 3.089757263660430908e-01 8.907972699317483034e+01
3.040711990869607861e-01 3.063493967056274414e-01 8.963474086852171752e+01
3.032718993163996957e-01 3.078760206699371338e-01 8.939223480587014592e+01
3.041659155168123796e-01 3.106409311294555664e-01 8.962724068101702812e+01
3.048296977856437828e-01 3.058160841464996338e-01 8.927223180579514406e+01
3.025823274325336598e-01 3.059364557266235352e-01 8.944473611840295746e+01
3.035078668942843838e-01 3.064537644386291504e-01 8.963474086852171752e+01
3.022821164292571194e-01 3.056467473506927490e-01 8.942473561839045715e+01
3.026350983110578374e-01 3.081348240375518799e-01 8.931223280582014468e+01
3.035722015513490635e-01 3.057437837123870850e-01 8.977224430610765182e+01
3.050569104540426513e-01 3.077548444271087646e-01 8.968724218105452906e+01
3.025239886461560945e-01 3.066549599170684814e-01 8.947973699342483656e+01
3.024266425977993888e-01 3.053012490272521973e-01 8.968974224355609692e+01
3.028432706190867796e-01 3.037088215351104736e-01 8.980474511862797726e+01
3.023846961910415243e-01 3.123050928115844727e-01 8.914472861821545280e+01
3.030950597065369401e-01 3.085897862911224365e-01 8.926723168079202253e+01
3.017677393084173820e-01 3.043628334999084473e-01 8.951973799344983718e+01
3.039557798237456088e-01 3.098314702510833740e-01 8.936973424335607774e+01
3.027876382869259531e-01 3.132603764533996582e-01 8.941473536838421410e+01
3.026679500337879913e-01 3.034399747848510742e-01 8.943473586839671441e+01
3.019409225481683445e-01 3.057952821254730225e-01 8.932223305582638773e+01
3.023921581178573570e-01 3.048534989356994629e-01 8.967724193104828601e+01
3.017652539413993584e-01 3.070883154869079590e-01 8.932723318082952346e+01
3.011840364481144228e-01 3.036178648471832275e-01 8.952973824345609444e+01
3.010666181581780343e-01 3.032769560813903809e-01 8.973724343108577273e+01
3.012173780601357098e-01 3.033660054206848145e-01 8.940723518087952471e+01
3.005630007632503764e-01 3.093679547309875488e-01 8.960974024350608147e+01
3.017308070689431743e-01 3.026703000068664551e-01 8.960974024350608147e+01
3.002613051106138853e-01 3.025481104850769043e-01 8.944723618090452533e+01
3.007549147989347360e-01 3.047795295715332031e-01 8.921973049326233252e+01
3.004250073945998745e-01 3.034172952175140381e-01 8.950223755593890473e+01
3.005695858339992310e-01 3.031050562858581543e-01 8.971724293107328663e+01
2.999285133650002044e-01 3.040825128555297852e-01 8.955223880597014841e+01
3.007338985597896586e-01 3.050594925880432129e-01 8.949723743093576900e+01
2.996021600477874469e-01 3.037323355674743652e-01 8.960724018100452781e+01
2.994369988162985385e-01 3.140545785427093506e-01 8.939473486837169958e+01
2.992514514810443726e-01 3.022806048393249512e-01 8.930473261831546949e+01
3.009131331123096609e-01 3.053104281425476074e-01 8.959473986849670268e+01
3.008802195957169801e-01 3.031204640865325928e-01 8.985474636865922093e+01
3.000629992957616898e-01 3.057194352149963379e-01 8.977474436860921969e+01
2.996839281416228684e-01 3.009014725685119629e-01 8.969724243106077211e+01
2.991267174122729244e-01 3.012633025646209717e-01 8.969974249356233997e+01
2.984462875370568202e-01 3.014607727527618408e-01 8.947473686842171503e+01
2.988584486260791873e-01 3.029079139232635498e-01 8.937723443086078134e+01
2.994914089421525927e-01 3.103648722171783447e-01 8.970224255606390784e+01
2.990374940451537289e-01 3.009853959083557129e-01 8.953973849346233749e+01
2.994748177020054025e-01 3.070781230926513672e-01 8.965724143103577148e+01
2.993044773734874209e-01 3.007872402667999268e-01 8.944973624340607898e+01
3.008836177321352889e-01 3.178622126579284668e-01 8.940223505587640318e+01
3.007009971106126001e-01 3.020870685577392578e-01 8.962974074351859599e+01
2.996056403756445774e-01 3.025910854339599609e-01 8.976224405610140877e+01
2.998115233619932929e-01 3.084339201450347900e-01 8.903222580564514033e+01
2.984280076890641897e-01 3.042321801185607910e-01 8.936973424335607774e+01
2.982442971253325692e-01 3.023770749568939209e-01 8.968974224355609692e+01
2.985088700779560122e-01 3.027248382568359375e-01 8.956973924348108085e+01
2.985630399975509608e-01 3.018440902233123779e-01 8.987974699367484277e+01
2.974191817001051730e-01 3.075481057167053223e-01 8.968974224355609692e+01
2.987174139302455900e-01 3.025075495243072510e-01 8.944973624340607898e+01
2.975778267684232592e-01 3.027963042259216309e-01 8.976474411860296243e+01
2.980671291043438531e-01 3.017031550407409668e-01 8.958723968099202750e+01
2.985274023251295872e-01 3.032355606555938721e-01 8.990474761869047882e+01
2.980083978376836806e-01 3.006888628005981445e-01 8.939223480587014592e+01
2.990886079254696517e-01 3.041538000106811523e-01 8.962224055601389239e+01
2.973025820565832755e-01 3.032982051372528076e-01 8.943473586839671441e+01
2.983650871956577411e-01 3.048286736011505127e-01 8.973974349358734059e+01
2.972237053860470324e-01 3.006805181503295898e-01 8.981724543113578818e+01
2.971750239277011763e-01 3.005240559577941895e-01 8.962974074351859599e+01
2.981292878302728155e-01 3.117666244506835938e-01 8.955223880597014841e+01
2.980017245934384329e-01 3.075143694877624512e-01 8.964724118102952843e+01
2.973775500776651426e-01 3.007184267044067383e-01 8.961724043101078507e+01
2.969964902798615802e-01 3.089197874069213867e-01 8.957223930598264872e+01
2.981109276193474877e-01 3.014064729213714600e-01 8.989724743118577521e+01
2.968140668065433752e-01 3.034300506114959717e-01 8.909972749318733065e+01
2.976760338182822263e-01 2.985560595989227295e-01 8.938223455586388866e+01
2.976374193281952629e-01 3.051292598247528076e-01 8.933223330583264499e+01
2.967219305238051885e-01 3.017907142639160156e-01 8.988724718117953216e+01
2.984797079627878880e-01 2.980658411979675293e-01 8.969974249356233997e+01
2.978759722059958204e-01 3.079529702663421631e-01 8.950973774344357992e+01
2.983550455812199464e-01 2.977768778800964355e-01 8.967474186854671814e+01
2.972907068869455882e-01 3.047953844070434570e-01 8.925973149328733314e+01
2.978667632663523634e-01 3.023712337017059326e-01 8.951473786844671565e+01
2.968012331579261698e-01 3.042952418327331543e-01 8.950223755593890473e+01
2.978014659583732571e-01 3.052335381507873535e-01 8.973974349358734059e+01
2.966735645478533190e-01 3.001532256603240967e-01 8.970724268106702937e+01
2.964061557512362444e-01 3.003679513931274414e-01 8.944223605590140380e+01
2.969826169007180328e-01 2.988687455654144287e-01 8.967974199354983966e+01
2.958851936853515996e-01 2.994528114795684814e-01 8.935723393084826682e+01
2.962966513838915517e-01 3.113879561424255371e-01 8.957473936848421658e+01
2.976240991567081218e-01 3.000178933143615723e-01 8.935973399334983469e+01
2.967428428932012419e-01 2.985192835330963135e-01 8.955973899347483780e+01
2.956475442975055046e-01 3.027122914791107178e-01 8.944723618090452533e+01
2.969522987570211714e-01 3.042676746845245361e-01 8.976224405610140877e+01
2.966140816782625311e-01 2.992133498191833496e-01 8.986974674366858551e+01
2.953323639406988943e-01 2.995441555976867676e-01 8.942223555588888928e+01
2.954898460630427381e-01 3.000778555870056152e-01 8.979474486862170579e+01
2.957131075220097993e-01 3.011921048164367676e-01 8.939973499337483531e+01
2.963813706525512681e-01 2.978785336017608643e-01 8.980724518112953092e+01
2.964669273157446994e-01 3.076416254043579102e-01 8.947473686842171503e+01
2.961130140286416523e-01 2.999575734138488770e-01 8.947473686842171503e+01
2.957847030759405138e-01 3.038821220397949219e-01 8.973224330608265120e+01
2.953074387026259351e-01 2.987691760063171387e-01 8.979724493112327366e+01
2.954855186962125901e-01 2.975085079669952393e-01 8.962974074351859599e+01
2.948927643500578455e-01 2.989799380302429199e-01 8.927223180579514406e+01
2.954585141720953434e-01 3.058506548404693604e-01 8.903222580564514033e+01
2.960271387994493075e-01 2.972989976406097412e-01 8.980974524363108458e+01
2.966760904280325017e-01 2.969084382057189941e-01 8.957973949348733811e+01
2.968982490933644303e-01 2.984640896320343018e-01 8.958973974349359537e+01
2.948331357556339127e-01 2.987221479415893555e-01 8.991224780619515400e+01
2.945737014413251642e-01 2.996317744255065918e-01 8.942723568089202502e+01
2.945533544746745669e-01 2.978271842002868652e-01 8.951723793094828352e+01
2.940666442640184619e-01 3.023590743541717529e-01 8.989224730618265369e+01
2.949284184179825075e-01 3.011220097541809082e-01 8.943223580589514654e+01
2.949594580282808298e-01 3.012989759445190430e-01 8.956223905597640567e+01
2.953903735392424679e-01 3.059947490692138672e-01 8.905222630565764064e+01
2.956905475801415717e-01 3.019752800464630127e-01 8.950473761844047260e+01
2.945390090741721312e-01 2.962376773357391357e-01 8.943723593089826807e+01
2.942712823492039109e-01 3.006009757518768311e-01 8.979724493112327366e+01
2.948987009602769827e-01 2.965033948421478271e-01 8.970974274356858302e+01
2.937762987146141924e-01 2.975049614906311035e-01 8.974474361859046212e+01
2.953675956438476247e-01 3.018778264522552490e-01 8.975724393109827304e+01
2.955308854675883778e-01 3.037232160568237305e-01 8.916222905572639945e+01
2.947171157254057094e-01 3.007864654064178467e-01 8.970224255606390784e+01
2.938096546088203032e-01 2.968763709068298340e-01 8.978974474361859848e+01
2.940466996524491172e-01 3.028717935085296631e-01 8.968724218105452906e+01
2.938293197661914768e-01 3.058327734470367432e-01 8.960224005600140629e+01
2.941341131945536258e-01 2.986149489879608154e-01 8.979224480612015213e+01
2.943134628996108559e-01 2.981498241424560547e-01 8.978724468111703061e+01
2.937444601747238870e-01 3.052800297737121582e-01 8.982724568114203123e+01
2.946940925171736003e-01 2.951060533523559570e-01 8.935473386834671317e+01
2.945067383190478338e-01 2.986465096473693848e-01 8.957473936848421658e+01
2.949635917313513378e-01 2.973025739192962646e-01 8.934723368084202377e+01
2.948529451583911110e-01 2.980824708938598633e-01 8.957223930598264872e+01
2.935392546252861279e-01 2.970955669879913330e-01 8.975474386859671938e+01
2.938181828687922992e-01 2.976163625717163086e-01 8.942473561839045715e+01
2.934773161685457210e-01 2.961286306381225586e-01 8.976474411860296243e+01
2.948173138556004491e-01 3.005349934101104736e-01 8.994474861871546523e+01
2.938780662168815616e-01 3.106170296669006348e-01 8.946473661841545777e+01
2.964594667517852500e-01 3.278394341468811035e-01 8.909472736818419492e+01
2.979154751575453508e-01 2.953198254108428955e-01 8.964224105602640691e+01
2.931870558036108743e-01 3.025399446487426758e-01 8.973724343108577273e+01
2.944923865140867125e-01 3.055381178855895996e-01 8.979724493112327366e+01
2.935971571708385630e-01 3.016794323921203613e-01 8.986974674366858551e+01
2.946027886103473881e-01 2.955303490161895752e-01 8.974974374359359786e+01
2.927570942955067257e-01 2.963337302207946777e-01 8.961474036850921721e+01
2.942556242131705857e-01 2.956942021846771240e-01 8.960724018100452781e+01
2.933994271015152866e-01 3.080001473426818848e-01 8.988974724368110003e+01
2.942270872430565731e-01 2.979378104209899902e-01 8.967724193104828601e+01
2.939674035575701172e-01 2.960256636142730713e-01 8.976224405610140877e+01
2.934004659734230080e-01 3.010222613811492920e-01 8.984724618115453154e+01
2.942627345821973717e-01 2.947091758251190186e-01 8.948723718092952595e+01
2.928987505808082759e-01 2.960029542446136475e-01 8.952973824345609444e+01
2.924405533208213059e-01 2.969727218151092529e-01 8.935723393084826682e+01
2.930659807186882793e-01 2.969829738140106201e-01 8.972974324358109754e+01
2.937776588622697527e-01 3.053919970989227295e-01 8.909722743068576278e+01
2.939085023080995063e-01 2.948197126388549805e-01 8.969224230605765058e+01
2.927225626095296684e-01 2.973475158214569092e-01 8.948223705592639021e+01
2.930789986127373403e-01 2.970588803291320801e-01 8.938473461836545653e+01
2.930355548900365759e-01 2.945565879344940186e-01 8.970224255606390784e+01
2.929821847884912511e-01 3.000828921794891357e-01 8.945973649341233624e+01
2.924600662678654706e-01 2.972882091999053955e-01 8.975224380609515151e+01
2.927357380055398695e-01 2.954772114753723145e-01 8.953973849346233749e+01
2.923321338223841548e-01 2.980801761150360107e-01 8.934223355583890225e+01
2.925051400367485455e-01 2.957051992416381836e-01 8.958973974349359537e+01
2.929620654332072971e-01 2.999488711357116699e-01 8.943973599339983593e+01
2.930535128662511979e-01 3.103639483451843262e-01 8.949473736843420113e+01
2.948538784339566066e-01 2.962550222873687744e-01 8.964474111852796057e+01
2.923442159869492074e-01 2.955546677112579346e-01 8.970974274356858302e+01
2.936498031336005621e-01 2.954700589179992676e-01 8.950473761844047260e+01
2.919221228165446713e-01 2.957715690135955811e-01 8.944973624340607898e+01
2.926424627024262204e-01 2.965485751628875732e-01 8.958223955598889177e+01
2.923547574631373269e-01 3.024736642837524414e-01 8.977724443111078756e+01
2.941316434919404865e-01 2.965728342533111572e-01 8.963724093102327117e+01
2.926914695598102356e-01 2.950313985347747803e-01 8.950723768094202626e+01
2.918966865722982806e-01 2.949090003967285156e-01 8.957973949348733811e+01
2.927372169747639585e-01 2.959515452384948730e-01 8.981974549363734184e+01
2.930093039943186262e-01 2.955337762832641602e-01 8.980724518112953092e+01
2.928663799395727629e-01 2.949780523777008057e-01 8.952973824345609444e+01
2.918896631375326733e-01 2.951095104217529297e-01 8.949723743093576900e+01
2.919619214719777478e-01 3.004969060420989990e-01 8.990224755618891095e+01
2.929209556749309828e-01 3.020676076412200928e-01 8.951973799344983718e+01
2.914644723479044019e-01 3.026463687419891357e-01 8.912972824320608822e+01
2.925622614688104806e-01 2.986020147800445557e-01 8.994224855621391157e+01
2.933310882205044656e-01 2.947031259536743164e-01 8.944223605590140380e+01
2.920463619687047596e-01 2.943833768367767334e-01 8.976474411860296243e+01
2.932111499523338272e-01 3.020150363445281982e-01 8.920973024325607525e+01
2.920486424243425860e-01 2.946049869060516357e-01 8.974724368109202999e+01
2.911115687945225461e-01 2.978787124156951904e-01 8.930723268081702315e+01
2.914290744862518823e-01 2.934211790561676025e-01 8.983224580614515276e+01
2.925295305661873013e-01 3.000883758068084717e-01 8.982224555613889549e+01
2.917632398132625204e-01 3.036393523216247559e-01 8.907472686817170882e+01
2.930551167274850211e-01 2.963405251502990723e-01 8.966724168104202874e+01
2.917424456381663145e-01 2.940917909145355225e-01 8.977974449361234122e+01
2.914788801669582763e-01 2.947394847869873047e-01 8.957473936848421658e+01
2.925560456797323128e-01 2.981245815753936768e-01 8.978974474361859848e+01
2.908849863586026041e-01 2.951681613922119141e-01 8.941223530588264623e+01
2.906959014248456374e-01 2.956867516040802002e-01 8.990224755618891095e+01
2.918233880341870590e-01 2.945899367332458496e-01 8.944973624340607898e+01
2.922866403378178157e-01 3.012243211269378662e-01 8.980474511862797726e+01
2.928163419728102013e-01 2.973297238349914551e-01 8.990724768119203247e+01
2.923945055369654433e-01 2.948880791664123535e-01 8.960724018100452781e+01
2.912468052615421188e-01 2.970603108406066895e-01 8.990224755618891095e+01
2.912741008936114429e-01 2.951438426971435547e-01 8.964474111852796057e+01
2.921121564640681290e-01 2.977205216884613037e-01 8.986224655616391033e+01
2.912941808434374447e-01 2.955601215362548828e-01 8.941223530588264623e+01
2.911848035706782745e-01 2.948448657989501953e-01 8.946973674341857929e+01
2.908876297179719406e-01 2.939189076423645020e-01 8.942723568089202502e+01
2.909377348269277519e-01 3.008499145507812500e-01 8.961224030600764934e+01
2.917624427910807117e-01 2.973992228507995605e-01 8.944473611840295746e+01
2.907592014517209611e-01 2.932548820972442627e-01 8.949473736843420113e+01
2.908399745756481414e-01 2.986605465412139893e-01 8.938973474336859226e+01
2.905215629800742549e-01 2.941724061965942383e-01 8.940723518087952471e+01
2.905554114622476147e-01 2.953584194183349609e-01 8.927223180579514406e+01
2.909640839727333783e-01 2.957204282283782959e-01 8.980224505612640939e+01
2.900052781890284370e-01 2.933843135833740234e-01 8.947723693092328290e+01
2.909788879850301324e-01 2.932723760604858398e-01 8.973224330608265120e+01
2.903737606101504665e-01 2.951630651950836182e-01 8.973474336858421907e+01
2.906170397597955257e-01 3.087247610092163086e-01 8.891472286807170633e+01
2.926617494399127994e-01 2.938934266567230225e-01 8.959723993099827055e+01
2.906497917849944490e-01 2.926772832870483398e-01 8.974974374359359786e+01
2.910327798251012843e-01 2.929009199142456055e-01 8.955973899347483780e+01
2.917815089071543189e-01 2.978473305702209473e-01 8.924973124328107588e+01
2.904060063176618356e-01 2.944070994853973389e-01 8.962724068101702812e+01
2.909027093110041484e-01 2.940561473369598389e-01 8.961224030600764934e+01
2.909870668562166141e-01 2.966103255748748779e-01 8.978974474361859848e+01
2.905454114879793548e-01 2.932081520557403564e-01 8.944473611840295746e+01
2.904529542219950189e-01 2.929172217845916748e-01 8.971224280607015089e+01
2.904312466200208998e-01 2.973066270351409912e-01 8.987474686867172124e+01
2.932256158584748973e-01 2.950409352779388428e-01 8.950973774344357992e+01
2.906687349767966833e-01 2.961664497852325439e-01 8.933973349333733438e+01
2.912636086648293099e-01 2.944907546043395996e-01 8.994224855621391157e+01
2.910207030373232473e-01 2.947919368743896484e-01 8.964224105602640691e+01
2.899467771978267994e-01 2.929348051548004150e-01 8.959473986849670268e+01
2.907184766000655562e-01 2.950489819049835205e-01 8.963974099352483904e+01
2.911757927547219404e-01 2.960220575332641602e-01 8.991474786869672187e+01
2.901495534705764157e-01 2.939186394214630127e-01 8.985974649366234246e+01
2.898606040775907888e-01 2.926924228668212891e-01 8.974724368109202999e+01
2.899167178789781585e-01 2.984554469585418701e-01 8.970974274356858302e+01
2.901530101382227000e-01 3.030655980110168457e-01 8.992724818120453278e+01
2.905495998053505557e-01 2.957043349742889404e-01 8.990224755618891095e+01
2.896533990723805796e-01 3.022644519805908203e-01 8.974974374359359786e+01
2.909906911946627539e-01 3.025063276290893555e-01 8.979974499362484153e+01
2.907727402915914472e-01 2.940557003021240234e-01 8.982724568114203123e+01
2.894304873521241217e-01 2.923111617565155029e-01 8.967974199354983966e+01
2.895291436616400094e-01 2.951726615428924561e-01 8.971724293107328663e+01
2.907673993336155061e-01 2.966630756855010986e-01 8.974974374359359786e+01
2.906704306159713647e-01 2.958026230335235596e-01 8.930473261831546949e+01
2.903367736314371172e-01 2.931858897209167480e-01 8.947223680592014716e+01
2.896315174338264797e-01 2.978367507457733154e-01 8.992724818120453278e+01
2.916750299590716300e-01 2.985098958015441895e-01 8.981224530613265244e+01
2.897649921531369466e-01 2.938971221446990967e-01 8.937723443086078134e+01
2.893665729187440139e-01 2.952247560024261475e-01 8.986974674366858551e+01
2.905866399009900958e-01 2.973868548870086670e-01 8.943723593089826807e+01
2.894060608446618610e-01 2.929842174053192139e-01 8.953973849346233749e+01
2.899694755659432688e-01 3.126005530357360840e-01 8.956473911847795932e+01
2.915124463047726877e-01 2.949323356151580811e-01 8.986224655616391033e+01
2.910323005463856250e-01 2.939159870147705078e-01 8.979724493112327366e+01
2.907993090663772429e-01 2.965824604034423828e-01 8.955973899347483780e+01
2.894208129214133618e-01 2.949727475643157959e-01 8.974474361859046212e+01
2.896830671640509558e-01 2.952151596546173096e-01 8.945973649341233624e+01
2.909888080872271576e-01 2.930792868137359619e-01 8.951473786844671565e+01
2.899047509893623031e-01 2.982444465160369873e-01 8.936473411835295622e+01
2.892146173357570960e-01 3.029877841472625732e-01 8.914972874321858853e+01
2.906664349713455331e-01 3.069905042648315430e-01 8.986724668116703185e+01
2.913169023466873342e-01 2.968438565731048584e-01 8.982224555613889549e+01
2.897995187212257795e-01 2.941848635673522949e-01 8.971724293107328663e+01
2.896677520707193754e-01 2.946819663047790527e-01 8.996974924373108706e+01
2.908409619614948372e-01 2.920609712600708008e-01 8.961224030600764934e+01
2.895919515785510545e-01 3.020387291908264160e-01 8.990974774369358613e+01
2.919488492543231839e-01 2.937679886817932129e-01 8.992224805620139705e+01
2.900740523531534221e-01 2.920809388160705566e-01 8.958223955598889177e+01
2.891060537592654023e-01 2.971057593822479248e-01 8.993724843121077583e+01
2.903542074880541835e-01 2.925130128860473633e-01 8.956973924348108085e+01
2.886533632205043887e-01 2.947592735290527344e-01 8.986724668116703185e+01
2.887712197653397594e-01 2.922780215740203857e-01 8.939223480587014592e+01
2.890673900150571018e-01 2.954980731010437012e-01 8.948973724343109382e+01
2.891282801867990360e-01 2.977123558521270752e-01 8.991974799369984339e+01
2.898305713223348623e-01 2.980053722858428955e-01 8.952223805595139083e+01
2.887351394059919363e-01 2.950168848037719727e-01 8.984474611865296367e+01
2.887966714415189373e-01 2.981929183006286621e-01 8.927723193079827979e+01
2.889534890059012873e-01 2.945669889450073242e-01 8.947973699342483656e+01
2.887126200672280874e-01 2.914025783538818359e-01 8.981474536863422031e+01
2.884783230411517296e-01 2.911045551300048828e-01 8.957223930598264872e+01
2.894912754719485837e-01 2.952591180801391602e-01 8.978974474361859848e+01
2.894565099755506132e-01 2.933703958988189697e-01 8.984474611865296367e+01
2.901845271689825756e-01 2.938810884952545166e-01 8.948473711842795808e+01
2.891498541692049118e-01 2.913525402545928955e-01 8.983224580614515276e+01
2.881829272992501023e-01 3.018137514591217041e-01 8.906722668066701942e+01
2.891257340770618245e-01 2.922135591506958008e-01 8.976724418110453030e+01
2.885668190313480097e-01 2.981988489627838135e-01 9.001975049376234495e+01
2.888479049005297505e-01 2.914076745510101318e-01 8.974224355608890846e+01
2.895033923002247045e-01 2.912987768650054932e-01 8.946223655591390411e+01
2.895318993111043460e-01 3.011958599090576172e-01 8.975724393109827304e+01
2.900619326374166418e-01 2.948810160160064697e-01 8.945723643091076838e+01
2.900530993163953353e-01 2.911053597927093506e-01 8.970724268106702937e+01
2.885622559593812864e-01 2.946766912937164307e-01 8.935723393084826682e+01
2.884257075591401542e-01 2.940568923950195312e-01 8.926973174329357619e+01
2.901062111710877023e-01 3.005792796611785889e-01 8.917722943073577824e+01
2.889475047254657647e-01 2.905663251876831055e-01 8.947473686842171503e+01
2.882461215226083118e-01 2.973222434520721436e-01 9.003725093127327739e+01
2.888503650276874613e-01 2.905220091342926025e-01 8.963724093102327117e+01
2.889319821226690732e-01 2.998005151748657227e-01 8.999724993124827677e+01
2.887978109802100124e-01 2.940310537815093994e-01 8.940973524338107836e+01
2.877503410626926494e-01 2.909681200981140137e-01 8.982474561864046336e+01
2.883387941492572826e-01 2.926010191440582275e-01 8.967724193104828601e+01
2.883621315639546268e-01 2.906154394149780273e-01 8.960474011850297416e+01
2.897715618807741311e-01 3.042260706424713135e-01 8.976974424360608396e+01
2.892607245811608663e-01 2.913659214973449707e-01 8.955723893097326993e+01
2.883122072852022932e-01 2.903225421905517578e-01 8.966974174354358240e+01
2.888645001536975232e-01 2.939038872718811035e-01 8.981224530613265244e+01
2.887572251302795157e-01 2.908728420734405518e-01 8.940973524338107836e+01
2.879320357438336919e-01 2.981633543968200684e-01 8.940223505587640318e+01
2.888291810441053209e-01 2.925267219543457031e-01 8.962724068101702812e+01
2.881144532429517624e-01 2.948847115039825439e-01 8.949223730593264747e+01
